0.293460,0.000000
0.231040,0.000750
0.240211,0.001500
0.235557,0.002250
0.230492,0.003000
0.242264,0.003750
0.258006,0.004500
0.262524,0.005250
0.260607,0.006000
0.218173,0.006750
0.239253,0.007500
0.247329,0.008250
0.266356,0.009000
0.243360,0.009750
0.237473,0.010500
0.262660,0.011250
0.231450,0.012000
0.268273,0.012750
0.236515,0.013500
0.253626,0.014250
0.266904,0.015000
0.210096,0.015750
0.275254,0.016500
0.240348,0.017250
0.251162,0.018000
0.245413,0.018750
0.220637,0.019500
0.234188,0.020250
0.221595,0.021000
0.238705,0.021750
0.245276,0.022500
0.220363,0.023250
0.230492,0.024000
0.254447,0.024750
0.240074,0.025500
0.217625,0.026250
0.232272,0.027000
0.246371,0.027750
0.212834,0.028500
0.252805,0.029250
0.247466,0.030000
0.247603,0.030750
0.225564,0.031500
0.252394,0.032250
0.213245,0.033000
0.248835,0.033750
0.219815,0.034500
0.248287,0.035250
0.244728,0.036000
0.235283,0.036750
0.226523,0.037500
0.245002,0.038250
0.253763,0.039000
0.218857,0.039750
0.216941,0.040500
0.228302,0.041250
0.255132,0.042000
0.240622,0.042750
0.231450,0.043500
0.248972,0.044250
0.245824,0.045000
0.266904,0.045750
0.258965,0.046500
0.239253,0.047250
0.225975,0.048000
0.243223,0.048750
0.272243,0.049500
0.236515,0.050250
0.236652,0.051000
0.258143,0.051750
0.243223,0.052500
0.207769,0.053250
0.216941,0.054000
0.250341,0.054750
0.217351,0.055500
0.248287,0.056250
0.237473,0.057000
0.218173,0.057750
0.203526,0.058500
0.224196,0.059250
0.265398,0.060000
0.245824,0.060750
0.210233,0.061500
0.251983,0.062250
0.251573,0.063000
0.218036,0.063750
0.248014,0.064500
0.242812,0.065250
0.242538,0.066000
0.205442,0.066750
0.214203,0.067500
0.238158,0.068250
0.243223,0.069000
0.239937,0.069750
0.215161,0.070500
0.231724,0.071250
0.199967,0.072000
0.228713,0.072750
0.245687,0.073500
0.244865,0.074250
0.216941,0.075000
0.212423,0.075750
0.240211,0.076500
0.240896,0.077250
0.225838,0.078000
0.264851,0.078750
0.226659,0.079500
0.235831,0.080250
0.235146,0.081000
0.255269,0.081750
0.228439,0.082500
0.231724,0.083250
0.252394,0.084000
0.206674,0.084750
0.215161,0.085500
0.202431,0.086250
0.251436,0.087000
0.245002,0.087750
0.214203,0.088500
0.264303,0.089250
0.234462,0.090000
0.225975,0.090750
0.255679,0.091500
0.220910,0.092250
0.236105,0.093000
0.219678,0.093750
0.211054,0.094500
0.251846,0.095250
0.225838,0.096000
0.231177,0.096750
0.260197,0.097500
0.223922,0.098250
0.233914,0.099000
0.236378,0.099750
0.226523,0.100500
0.250067,0.101250
0.207632,0.102000
0.196955,0.102750
0.238569,0.103500
0.238569,0.104250
0.229534,0.105000
0.217214,0.105750
0.206811,0.106500
0.224880,0.107250
0.248287,0.108000
0.236652,0.108750
0.228713,0.109500
0.200651,0.110250
0.251436,0.111000
0.257185,0.111750
0.234325,0.112500
0.232409,0.113250
0.259101,0.114000
0.218994,0.114750
0.239116,0.115500
0.198324,0.116250
0.227891,0.117000
0.202568,0.117750
0.238842,0.118500
0.218446,0.119250
0.227344,0.120000
0.234873,0.120750
0.237063,0.121500
0.251162,0.122250
0.222142,0.123000
0.239527,0.123750
0.258554,0.124500
0.234873,0.125250
0.221184,0.126000
0.227344,0.126750
0.219541,0.127500
0.201609,0.128250
0.219541,0.129000
0.231450,0.129750
0.224743,0.130500
0.240759,0.131250
0.216119,0.132000
0.243223,0.132750
0.243633,0.133500
0.202431,0.134250
0.212560,0.135000
0.237610,0.135750
0.220226,0.136500
0.233230,0.137250
0.232682,0.138000
0.254721,0.138750
0.221047,0.139500
0.221184,0.140250
0.249930,0.141000
0.212971,0.141750
0.209823,0.142500
0.253078,0.143250
0.193944,0.144000
0.225017,0.144750
0.216256,0.145500
0.214203,0.146250
0.251162,0.147000
0.228302,0.147750
0.232135,0.148500
0.240211,0.149250
0.229808,0.150000
0.227755,0.150750
0.236378,0.151500
0.226659,0.152250
0.214750,0.153000
0.216804,0.153750
0.222279,0.154500
0.236105,0.155250
0.189153,0.156000
0.258965,0.156750
0.205716,0.157500
0.199282,0.158250
0.215435,0.159000
0.219268,0.159750
0.205579,0.160500
0.197640,0.161250
0.242401,0.162000
0.218857,0.162750
0.218583,0.163500
0.189290,0.164250
0.231450,0.165000
0.229260,0.165750
0.220363,0.166500
0.232409,0.167250
0.207906,0.168000
0.209138,0.168750
0.216667,0.169500
0.212697,0.170250
0.226112,0.171000
0.243086,0.171750
0.234462,0.172500
0.203800,0.173250
0.194218,0.174000
0.201883,0.174750
0.219131,0.175500
0.209823,0.176250
0.207906,0.177000
0.221458,0.177750
0.217899,0.178500
0.210644,0.179250
0.196408,0.180000
0.187784,0.180750
0.222279,0.181500
0.220910,0.182250
0.186415,0.183000
0.216393,0.183750
0.205442,0.184500
0.203663,0.185250
0.202294,0.186000
0.226523,0.186750
0.247466,0.187500
0.197092,0.188250
0.199830,0.189000
0.241033,0.189750
0.238021,0.190500
0.209138,0.191250
0.230355,0.192000
0.225838,0.192750
0.216941,0.193500
0.233641,0.194250
0.229534,0.195000
0.222279,0.195750
0.223922,0.196500
0.221732,0.197250
0.220089,0.198000
0.227618,0.198750
0.207769,0.199500
0.214887,0.200250
0.217351,0.201000
0.194218,0.201750
0.219678,0.202500
0.221595,0.203250
0.226249,0.204000
0.232546,0.204750
0.218446,0.205500
0.215845,0.206250
0.213245,0.207000
0.215709,0.207750
0.198187,0.208500
0.219815,0.209250
0.226796,0.210000
0.200104,0.210750
0.236105,0.211500
0.222964,0.212250
0.209823,0.213000
0.194765,0.213750
0.220500,0.214500
0.220773,0.215250
0.225975,0.216000
0.232546,0.216750
0.214066,0.217500
0.228576,0.218250
0.227618,0.219000
0.248424,0.219750
0.222142,0.220500
0.216530,0.221250
0.228850,0.222000
0.241169,0.222750
0.199282,0.223500
0.205032,0.224250
0.231177,0.225000
0.191617,0.225750
0.206811,0.226500
0.221595,0.227250
0.233641,0.228000
0.220910,0.228750
0.215709,0.229500
0.211328,0.230250
0.198461,0.231000
0.205853,0.231750
0.194354,0.232500
0.218036,0.233250
0.209412,0.234000
0.216530,0.234750
0.188195,0.235500
0.252668,0.236250
0.197229,0.237000
0.196818,0.237750
0.214340,0.238500
0.219678,0.239250
0.212286,0.240000
0.175601,0.240750
0.209959,0.241500
0.216530,0.242250
0.188742,0.243000
0.241443,0.243750
0.225291,0.244500
0.196134,0.245250
0.211876,0.246000
0.229808,0.246750
0.211191,0.247500
0.188879,0.248250
0.214477,0.249000
0.235694,0.249750
0.188331,0.250500
0.191069,0.251250
0.210370,0.252000
0.219131,0.252750
0.216256,0.253500
0.206948,0.254250
0.227618,0.255000
0.233367,0.255750
0.201336,0.256500
0.183951,0.257250
0.216256,0.258000
0.196681,0.258750
0.188331,0.259500
0.210233,0.260250
0.204484,0.261000
0.208454,0.261750
0.226659,0.262500
0.219131,0.263250
0.209412,0.264000
0.221321,0.264750
0.223511,0.265500
0.210918,0.266250
0.215435,0.267000
0.196271,0.267750
0.219678,0.268500
0.200104,0.269250
0.230766,0.270000
0.213245,0.270750
0.229260,0.271500
0.193259,0.272250
0.210507,0.273000
0.210781,0.273750
0.231177,0.274500
0.208591,0.275250
0.212971,0.276000
0.189427,0.276750
0.196545,0.277500
0.187784,0.278250
0.203115,0.279000
0.186004,0.279750
0.204210,0.280500
0.196818,0.281250
0.206400,0.282000
0.221184,0.282750
0.210918,0.283500
0.175738,0.284250
0.219541,0.285000
0.209001,0.285750
0.188468,0.286500
0.209686,0.287250
0.204621,0.288000
0.199009,0.288750
0.231724,0.289500
0.236515,0.290250
0.195449,0.291000
0.182445,0.291750
0.216393,0.292500
0.234873,0.293250
0.199145,0.294000
0.206127,0.294750
0.223922,0.295500
0.209686,0.296250
0.186689,0.297000
0.196545,0.297750
0.194902,0.298500
0.236378,0.299250
0.187099,0.300000
0.191480,0.300750
0.214614,0.301500
0.206811,0.302250
0.180118,0.303000
0.214750,0.303750
0.216941,0.304500
0.214066,0.305250
0.190932,0.306000
0.207632,0.306750
0.192164,0.307500
0.195997,0.308250
0.239390,0.309000
0.197640,0.309750
0.192849,0.310500
0.224332,0.311250
0.190658,0.312000
0.207769,0.312750
0.177107,0.313500
0.180255,0.314250
0.201609,0.315000
0.195860,0.315750
0.167799,0.316500
0.207085,0.317250
0.197777,0.318000
0.213108,0.318750
0.210233,0.319500
0.205853,0.320250
0.197092,0.321000
0.186552,0.321750
0.191069,0.322500
0.215845,0.323250
0.201199,0.324000
0.205168,0.324750
0.216530,0.325500
0.213382,0.326250
0.200104,0.327000
0.186552,0.327750
0.200651,0.328500
0.183404,0.329250
0.186141,0.330000
0.217077,0.330750
0.199556,0.331500
0.197913,0.332250
0.218446,0.333000
0.201746,0.333750
0.212150,0.334500
0.199009,0.335250
0.221321,0.336000
0.201472,0.336750
0.218720,0.337500
0.182172,0.338250
0.215572,0.339000
0.196955,0.339750
0.208864,0.340500
0.229808,0.341250
0.215572,0.342000
0.167799,0.342750
0.196134,0.343500
0.215024,0.344250
0.201472,0.345000
0.218446,0.345750
0.179708,0.346500
0.223922,0.347250
0.211328,0.348000
0.200514,0.348750
0.224880,0.349500
0.189837,0.350250
0.174095,0.351000
0.191206,0.351750
0.240074,0.352500
0.207359,0.353250
0.192575,0.354000
0.211054,0.354750
0.193944,0.355500
0.209275,0.356250
0.179844,0.357000
0.208727,0.357750
0.208864,0.358500
0.215435,0.359250
0.184909,0.360000
0.197503,0.360750
0.183814,0.361500
0.189016,0.362250
0.206127,0.363000
0.209138,0.363750
0.177381,0.364500
0.192986,0.365250
0.194765,0.366000
0.218446,0.366750
0.203936,0.367500
0.182172,0.368250
0.192027,0.369000
0.197640,0.369750
0.195586,0.370500
0.174780,0.371250
0.185183,0.372000
0.165198,0.372750
0.172726,0.373500
0.198598,0.374250
0.205990,0.375000
0.184499,0.375750
0.165608,0.376500
0.211054,0.377250
0.169578,0.378000
0.175738,0.378750
0.195723,0.379500
0.207769,0.380250
0.183404,0.381000
0.163418,0.381750
0.198461,0.382500
0.217762,0.383250
0.170126,0.384000
0.196681,0.384750
0.212013,0.385500
0.228165,0.386250
0.157395,0.387000
0.209823,0.387750
0.196408,0.388500
0.190795,0.389250
0.202020,0.390000
0.200514,0.390750
0.201199,0.391500
0.183814,0.392250
0.179023,0.393000
0.189563,0.393750
0.166156,0.394500
0.196408,0.395250
0.227207,0.396000
0.226249,0.396750
0.188331,0.397500
0.186004,0.398250
0.184636,0.399000
0.201336,0.399750
0.206948,0.400500
0.194491,0.401250
0.188605,0.402000
0.191069,0.402750
0.184636,0.403500
0.194491,0.404250
0.170126,0.405000
0.158901,0.405750
0.161228,0.406500
0.184362,0.407250
0.188742,0.408000
0.176149,0.408750
0.205853,0.409500
0.196955,0.410250
0.183677,0.411000
0.165061,0.411750
0.188742,0.412500
0.205442,0.413250
0.197092,0.414000
0.176559,0.414750
0.185594,0.415500
0.189427,0.416250
0.187373,0.417000
0.172316,0.417750
0.198461,0.418500
0.167388,0.419250
0.173685,0.420000
0.214203,0.420750
0.195176,0.421500
0.178339,0.422250
0.193807,0.423000
0.172453,0.423750
0.171768,0.424500
0.193533,0.425250
0.188742,0.426000
0.189290,0.426750
0.192986,0.427500
0.181761,0.428250
0.180803,0.429000
0.168209,0.429750
0.154931,0.430500
0.205168,0.431250
0.219268,0.432000
0.201883,0.432750
0.202978,0.433500
0.182856,0.434250
0.209549,0.435000
0.179160,0.435750
0.208864,0.436500
0.195176,0.437250
0.188742,0.438000
0.186141,0.438750
0.208864,0.439500
0.179297,0.440250
0.206948,0.441000
0.169578,0.441750
0.178886,0.442500
0.193122,0.443250
0.179023,0.444000
0.220910,0.444750
0.175053,0.445500
0.165061,0.446250
0.208043,0.447000
0.177928,0.447750
0.183677,0.448500
0.189290,0.449250
0.160954,0.450000
0.186689,0.450750
0.178886,0.451500
0.201199,0.452250
0.213655,0.453000
0.204758,0.453750
0.200651,0.454500
0.210233,0.455250
0.180940,0.456000
0.187373,0.456750
0.193533,0.457500
0.178476,0.458250
0.197503,0.459000
0.198324,0.459750
0.189563,0.460500
0.173274,0.461250
0.210096,0.462000
0.185731,0.462750
0.198324,0.463500
0.206400,0.464250
0.189700,0.465000
0.165335,0.465750
0.178886,0.466500
0.197366,0.467250
0.195586,0.468000
0.194902,0.468750
0.208043,0.469500
0.167388,0.470250
0.163418,0.471000
0.214203,0.471750
0.192438,0.472500
0.205442,0.473250
0.196955,0.474000
0.204621,0.474750
0.188058,0.475500
0.167935,0.476250
0.192712,0.477000
0.181761,0.477750
0.208727,0.478500
0.198187,0.479250
0.189153,0.480000
0.199830,0.480750
0.219131,0.481500
0.200104,0.482250
0.169441,0.483000
0.167935,0.483750
0.153152,0.484500
0.160270,0.485250
0.214887,0.486000
0.175190,0.486750
0.162597,0.487500
0.195313,0.488250
0.177517,0.489000
0.187647,0.489750
0.173548,0.490500
0.165608,0.491250
0.204484,0.492000
0.149045,0.492750
0.189427,0.493500
0.186278,0.494250
0.183951,0.495000
0.160407,0.495750
0.190932,0.496500
0.177381,0.497250
0.187784,0.498000
0.210233,0.498750
0.194902,0.499500
0.161912,0.500250
0.160680,0.501000
0.199556,0.501750
0.158627,0.502500
0.193396,0.503250
0.152878,0.504000
0.217762,0.504750
0.159448,0.505500
0.195860,0.506250
0.199282,0.507000
0.209275,0.507750
0.179023,0.508500
0.196408,0.509250
0.203389,0.510000
0.189427,0.510750
0.178749,0.511500
0.197640,0.512250
0.199693,0.513000
0.192712,0.513750
0.169989,0.514500
0.203252,0.515250
0.173274,0.516000
0.183540,0.516750
0.159038,0.517500
0.181898,0.518250
0.188879,0.519000
0.158764,0.519750
0.180803,0.520500
0.213655,0.521250
0.168620,0.522000
0.182172,0.522750
0.168346,0.523500
0.183951,0.524250
0.183130,0.525000
0.166977,0.525750
0.173137,0.526500
0.190658,0.527250
0.188331,0.528000
0.200651,0.528750
0.192301,0.529500
0.165198,0.530250
0.173000,0.531000
0.187373,0.531750
0.195313,0.532500
0.171905,0.533250
0.200925,0.534000
0.173822,0.534750
0.154794,0.535500
0.160817,0.536250
0.183677,0.537000
0.172316,0.537750
0.170262,0.538500
0.178749,0.539250
0.159312,0.540000
0.174506,0.540750
0.164103,0.541500
0.199967,0.542250
0.203800,0.543000
0.165745,0.543750
0.188331,0.544500
0.190658,0.545250
0.210781,0.546000
0.186826,0.546750
0.183130,0.547500
0.171631,0.548250
0.184909,0.549000
0.174506,0.549750
0.202568,0.550500
0.205168,0.551250
0.176559,0.552000
0.192849,0.552750
0.158627,0.553500
0.169441,0.554250
0.189563,0.555000
0.188879,0.555750
0.154794,0.556500
0.173822,0.557250
0.183267,0.558000
0.180118,0.558750
0.211465,0.559500
0.178202,0.560250
0.144528,0.561000
0.208043,0.561750
0.185457,0.562500
0.174917,0.563250
0.189427,0.564000
0.177517,0.564750
0.151646,0.565500
0.175875,0.566250
0.193807,0.567000
0.182445,0.567750
0.155342,0.568500
0.187921,0.569250
0.148224,0.570000
0.170810,0.570750
0.180666,0.571500
0.185731,0.572250
0.170126,0.573000
0.166293,0.573750
0.179571,0.574500
0.175875,0.575250
0.174369,0.576000
0.174780,0.576750
0.168072,0.577500
0.181213,0.578250
0.155068,0.579000
0.161776,0.579750
0.161912,0.580500
0.177517,0.581250
0.184362,0.582000
0.176285,0.582750
0.193807,0.583500
0.161228,0.584250
0.148361,0.585000
0.169441,0.585750
0.178613,0.586500
0.156026,0.587250
0.172453,0.588000
0.178339,0.588750
0.180118,0.589500
0.163692,0.590250
0.191069,0.591000
0.199967,0.591750
0.157532,0.592500
0.157121,0.593250
0.175875,0.594000
0.199419,0.594750
0.200925,0.595500
0.143980,0.596250
0.188742,0.597000
0.157395,0.597750
0.171905,0.598500
0.213382,0.599250
0.196134,0.600000
0.162460,0.600750
0.200651,0.601500
0.178339,0.602250
0.173958,0.603000
0.172590,0.603750
0.176149,0.604500
0.180529,0.605250
0.162049,0.606000
0.140148,0.606750
0.184636,0.607500
0.196681,0.608250
0.153836,0.609000
0.166703,0.609750
0.161686,0.610500
0.192438,0.611250
0.164513,0.612000
0.161365,0.612750
0.201062,0.613500
0.159722,0.614250
0.178886,0.615000
0.162049,0.615750
0.155068,0.616500
0.180803,0.617250
0.156437,0.618000
0.165471,0.618750
0.177791,0.619500
0.163008,0.620250
0.174095,0.621000
0.166156,0.621750
0.181624,0.622500
0.167935,0.623250
0.155616,0.624000
0.164103,0.624750
0.157532,0.625500
0.157669,0.626250
0.166977,0.627000
0.140011,0.627750
0.165471,0.628500
0.170399,0.629250
0.165745,0.630000
0.155889,0.630750
0.175053,0.631500
0.207632,0.632250
0.174095,0.633000
0.149456,0.633750
0.158080,0.634500
0.170673,0.635250
0.179571,0.636000
0.172179,0.636750
0.177107,0.637500
0.183130,0.638250
0.152604,0.639000
0.194765,0.639750
0.149319,0.640500
0.150962,0.641250
0.169031,0.642000
0.177107,0.642750
0.191206,0.643500
0.156163,0.644250
0.160270,0.645000
0.159448,0.645750
0.188195,0.646500
0.163008,0.647250
0.174506,0.648000
0.200104,0.648750
0.144391,0.649500
0.173411,0.650250
0.167935,0.651000
0.158627,0.651750
0.151920,0.652500
0.176970,0.653250
0.146444,0.654000
0.163418,0.654750
0.156300,0.655500
0.177517,0.656250
0.149866,0.657000
0.159448,0.657750
0.144939,0.658500
0.141106,0.659250
0.150551,0.660000
0.155479,0.660750
0.193807,0.661500
0.146034,0.662250
0.196408,0.663000
0.181213,0.663750
0.170536,0.664500
0.179708,0.665250
0.138642,0.666000
0.181898,0.666750
0.166977,0.667500
0.136452,0.668250
0.177244,0.669000
0.184088,0.669750
0.172863,0.670500
0.175601,0.671250
0.178476,0.672000
0.205168,0.672750
0.139052,0.673500
0.155342,0.674250
0.173685,0.675000
0.137547,0.675750
0.146992,0.676500
0.173548,0.677250
0.153973,0.678000
0.168209,0.678750
0.169989,0.679500
0.158490,0.680250
0.171084,0.681000
0.163966,0.681750
0.160133,0.682500
0.172453,0.683250
0.184636,0.684000
0.189700,0.684750
0.125775,0.685500
0.164787,0.686250
0.156574,0.687000
0.171768,0.687750
0.164924,0.688500
0.179434,0.689250
0.161365,0.690000
0.166293,0.690750
0.148361,0.691500
0.201336,0.692250
0.170536,0.693000
0.181076,0.693750
0.172726,0.694500
0.185867,0.695250
0.147813,0.696000
0.164239,0.696750
0.164376,0.697500
0.163829,0.698250
0.156574,0.699000
0.164376,0.699750
0.182035,0.700500
0.192164,0.701250
0.162460,0.702000
0.147266,0.702750
0.149319,0.703500
0.138642,0.704250
0.174917,0.705000
0.170673,0.705750
0.150825,0.706500
0.143022,0.707250
0.181213,0.708000
0.163555,0.708750
0.160544,0.709500
0.173822,0.710250
0.155479,0.711000
0.151509,0.711750
0.156985,0.712500
0.177517,0.713250
0.159175,0.714000
0.162460,0.714750
0.170399,0.715500
0.152057,0.716250
0.151098,0.717000
0.133714,0.717750
0.142748,0.718500
0.164376,0.719250
0.151235,0.720000
0.166430,0.720750
0.167799,0.721500
0.153973,0.722250
0.159038,0.723000
0.150140,0.723750
0.169578,0.724500
0.175738,0.725250
0.180392,0.726000
0.176422,0.726750
0.135767,0.727500
0.164239,0.728250
0.162460,0.729000
0.174095,0.729750
0.151372,0.730500
0.156985,0.731250
0.149730,0.732000
0.153426,0.732750
0.156985,0.733500
0.165335,0.734250
0.164787,0.735000
0.138689,0.735750
0.160954,0.736500
0.162871,0.737250
0.165745,0.738000
0.159859,0.738750
0.151783,0.739500
0.176696,0.740250
0.172316,0.741000
0.162049,0.741750
0.161091,0.742500
0.174780,0.743250
0.165608,0.744000
0.139463,0.744750
0.166977,0.745500
0.164513,0.746250
0.174917,0.747000
0.141790,0.747750
0.179708,0.748500
0.180666,0.749250
0.179434,0.750000
0.136452,0.750750
0.168757,0.751500
0.149045,0.752250
0.166019,0.753000
0.179434,0.753750
0.164103,0.754500
0.171631,0.755250
0.137547,0.756000
0.177654,0.756750
0.189427,0.757500
0.140695,0.758250
0.151920,0.759000
0.192027,0.759750
0.189974,0.760500
0.173411,0.761250
0.146492,0.762000
0.163829,0.762750
0.174780,0.763500
0.153836,0.764250
0.141243,0.765000
0.137273,0.765750
0.156300,0.766500
0.155342,0.767250
0.172316,0.768000
0.153152,0.768750
0.162049,0.769500
0.190522,0.770250
0.151372,0.771000
0.142612,0.771750
0.134261,0.772500
0.174095,0.773250
0.145897,0.774000
0.135083,0.774750
0.154247,0.775500
0.170810,0.776250
0.121668,0.777000
0.137547,0.777750
0.187236,0.778500
0.158080,0.779250
0.160544,0.780000
0.150140,0.780750
0.123311,0.781500
0.165335,0.782250
0.160817,0.783000
0.186689,0.783750
0.170673,0.784500
0.159859,0.785250
0.154110,0.786000
0.168620,0.786750
0.165198,0.787500
0.172453,0.788250
0.143343,0.789000
0.161228,0.789750
0.147129,0.790500
0.162871,0.791250
0.167662,0.792000
0.154521,0.792750
0.171494,0.793500
0.166567,0.794250
0.147676,0.795000
0.151372,0.795750
0.144117,0.796500
0.176833,0.797250
0.149182,0.798000
0.127007,0.798750
0.164513,0.799500
0.151098,0.800250
0.120573,0.801000
0.142201,0.801750
0.152057,0.802500
0.132071,0.803250
0.124953,0.804000
0.136315,0.804750
0.154110,0.805500
0.161365,0.806250
0.114413,0.807000
0.164239,0.807750
0.165471,0.808500
0.156026,0.809250
0.129881,0.810000
0.195313,0.810750
0.132208,0.811500
0.154657,0.812250
0.137957,0.813000
0.154794,0.813750
0.137957,0.814500
0.134125,0.815250
0.158901,0.816000
0.178065,0.816750
0.149182,0.817500
0.177654,0.818250
0.148634,0.819000
0.176696,0.819750
0.157669,0.820500
0.177381,0.821250
0.141243,0.822000
0.137821,0.822750
0.173411,0.823500
0.183677,0.824250
0.169852,0.825000
0.116056,0.825750
0.154794,0.826500
0.168757,0.827250
0.149593,0.828000
0.164513,0.828750
0.160270,0.829500
0.155205,0.830250
0.168483,0.831000
0.170262,0.831750
0.177381,0.832500
0.165198,0.833250
0.145760,0.834000
0.146718,0.834750
0.162049,0.835500
0.146855,0.836250
0.133988,0.837000
0.143159,0.837750
0.160544,0.838500
0.149730,0.839250
0.169578,0.840000
0.163829,0.840750
0.156711,0.841500
0.168209,0.842250
0.167388,0.843000
0.170810,0.843750
0.175738,0.844500
0.117288,0.845250
0.165061,0.846000
0.160270,0.846750
0.156574,0.847500
0.152741,0.848250
0.162323,0.849000
0.159722,0.849750
0.132345,0.850500
0.126733,0.851250
0.139052,0.852000
0.141516,0.852750
0.165061,0.853500
0.159585,0.854250
0.156163,0.855000
0.146581,0.855750
0.139737,0.856500
0.152604,0.857250
0.158217,0.858000
0.141516,0.858750
0.135357,0.859500
0.173137,0.860250
0.145486,0.861000
0.144802,0.861750
0.149319,0.862500
0.147676,0.863250
0.153015,0.864000
0.153973,0.864750
0.173822,0.865500
0.143296,0.866250
0.125501,0.867000
0.152194,0.867750
0.167935,0.868500
0.150414,0.869250
0.131524,0.870000
0.150825,0.870750
0.132071,0.871500
0.160680,0.872250
0.142248,0.873000
0.149182,0.873750
0.133714,0.874500
0.143707,0.875250
0.185867,0.876000
0.134946,0.876750
0.118930,0.877500
0.148361,0.878250
0.161365,0.879000
0.141243,0.879750
0.164103,0.880500
0.145623,0.881250
0.163281,0.882000
0.133988,0.882750
0.148087,0.883500
0.178886,0.884250
0.164924,0.885000
0.154931,0.885750
0.124132,0.886500
0.151235,0.887250
0.143159,0.888000
0.161502,0.888750
0.172453,0.889500
0.147813,0.890250
0.166567,0.891000
0.150277,0.891750
0.161912,0.892500
0.130155,0.893250
0.144117,0.894000
0.141243,0.894750
0.125501,0.895500
0.146718,0.896250
0.135904,0.897000
0.158901,0.897750
0.144802,0.898500
0.151509,0.899250
0.163008,0.900000
0.167251,0.900750
0.140148,0.901500
0.125090,0.902250
0.186415,0.903000
0.152194,0.903750
0.131387,0.904500
0.133851,0.905250
0.135083,0.906000
0.146581,0.906750
0.140832,0.907500
0.146581,0.908250
0.143570,0.909000
0.131387,0.909750
0.149730,0.910500
0.136589,0.911250
0.150414,0.912000
0.140558,0.912750
0.133440,0.913500
0.169304,0.914250
0.135767,0.915000
0.129470,0.915750
0.140284,0.916500
0.137821,0.917250
0.151509,0.918000
0.129744,0.918750
0.171084,0.919500
0.131798,0.920250
0.127417,0.921000
0.151098,0.921750
0.153426,0.922500
0.129334,0.923250
0.127965,0.924000
0.154384,0.924750
0.149593,0.925500
0.115829,0.926250
0.139600,0.927000
0.168346,0.927750
0.132071,0.928500
0.163692,0.929250
0.138826,0.930000
0.176285,0.930750
0.157121,0.931500
0.159175,0.932250
0.160954,0.933000
0.130839,0.933750
0.132208,0.934500
0.194491,0.935250
0.133714,0.936000
0.136862,0.936750
0.157121,0.937500
0.126596,0.938250
0.133166,0.939000
0.159585,0.939750
0.143843,0.940500
0.144665,0.941250
0.158490,0.942000
0.140695,0.942750
0.141106,0.943500
0.151920,0.944250
0.143433,0.945000
0.159996,0.945750
0.137821,0.946500
0.120847,0.947250
0.142338,0.948000
0.168483,0.948750
0.142885,0.949500
0.144254,0.950250
0.136725,0.951000
0.136725,0.951750
0.129881,0.952500
0.129197,0.953250
0.143022,0.954000
0.113592,0.954750
0.131661,0.955500
0.174643,0.956250
0.130976,0.957000
0.147950,0.957750
0.135083,0.958500
0.170947,0.959250
0.123721,0.960000
0.137821,0.960750
0.143570,0.961500
0.166977,0.962250
0.163555,0.963000
0.117698,0.963750
0.155479,0.964500
0.138642,0.965250
0.136178,0.966000
0.097029,0.966750
0.145349,0.967500
0.126185,0.968250
0.152604,0.969000
0.143022,0.969750
0.152057,0.970500
0.148634,0.971250
0.143022,0.972000
0.172179,0.972750
0.138916,0.973500
0.128512,0.974250
0.139052,0.975000
0.160817,0.975750
0.110580,0.976500
0.140695,0.977250
0.123311,0.978000
0.158901,0.978750
0.165061,0.979500
0.126596,0.980250
0.129060,0.981000
0.178339,0.981750
0.159996,0.982500
0.127007,0.983250
0.138094,0.984000
0.139737,0.984750
0.144802,0.985500
0.155616,0.986250
0.142885,0.987000
0.151098,0.987750
0.158627,0.988500
0.133988,0.989250
0.143022,0.990000
0.107295,0.990750
0.116056,0.991500
0.140558,0.992250
0.153562,0.993000
0.135767,0.993750
0.161502,0.994500
0.157258,0.995250
0.124269,0.996000
0.141927,0.996750
0.135493,0.997500
0.132345,0.998250
0.130292,0.999000
0.168894,0.999750
0.152604,1.000500
0.148771,1.001250
0.116193,1.002000
0.157258,1.002750
0.156437,1.003500
0.120162,1.004250
0.136999,1.005000
0.143022,1.005750
0.139463,1.006500
0.146581,1.007250
0.152741,1.008000
0.148771,1.008750
0.145075,1.009500
0.122489,1.010250
0.124132,1.011000
0.144254,1.011750
0.169031,1.012500
0.127965,1.013250
0.146034,1.014000
0.136178,1.014750
0.144528,1.015500
0.149319,1.016250
0.150551,1.017000
0.122079,1.017750
0.115097,1.018500
0.148087,1.019250
0.138916,1.020000
0.110033,1.020750
0.123174,1.021500
0.155479,1.022250
0.154521,1.023000
0.145486,1.023750
0.153836,1.024500
0.150825,1.025250
0.151372,1.026000
0.135357,1.026750
0.143707,1.027500
0.172316,1.028250
0.102778,1.029000
0.138094,1.029750
0.144665,1.030500
0.143980,1.031250
0.136999,1.032000
0.163692,1.032750
0.151509,1.033500
0.138505,1.034250
0.146718,1.035000
0.161365,1.035750
0.156848,1.036500
0.120025,1.037250
0.157943,1.038000
0.157121,1.038750
0.110170,1.039500
0.114824,1.040250
0.146171,1.041000
0.149593,1.041750
0.109211,1.042500
0.134809,1.043250
0.138916,1.044000
0.137547,1.044750
0.146171,1.045500
0.150414,1.046250
0.144802,1.047000
0.157532,1.047750
0.135767,1.048500
0.163418,1.049250
0.116466,1.050000
0.143022,1.050750
0.138779,1.051500
0.137684,1.052250
0.130155,1.053000
0.127417,1.053750
0.151098,1.054500
0.115508,1.055250
0.115371,1.056000
0.123584,1.056750
0.126596,1.057500
0.142201,1.058250
0.123584,1.059000
0.143433,1.059750
0.148361,1.060500
0.122216,1.061250
0.141790,1.062000
0.153426,1.062750
0.146718,1.063500
0.100861,1.064250
0.126870,1.065000
0.127417,1.065750
0.106337,1.066500
0.137821,1.067250
0.108390,1.068000
0.131934,1.068750
0.148771,1.069500
0.146171,1.070250
0.125227,1.071000
0.131798,1.071750
0.134672,1.072500
0.149866,1.073250
0.149593,1.074000
0.133303,1.074750
0.116193,1.075500
0.141243,1.076250
0.143433,1.077000
0.122352,1.077750
0.122079,1.078500
0.128786,1.079250
0.121531,1.080000
0.125911,1.080750
0.154657,1.081500
0.143022,1.082250
0.153836,1.083000
0.139052,1.083750
0.120984,1.084500
0.100772,1.085250
0.146171,1.086000
0.165198,1.086750
0.143159,1.087500
0.133851,1.088250
0.145623,1.089000
0.129197,1.089750
0.136315,1.090500
0.115234,1.091250
0.125775,1.092000
0.138094,1.092750
0.122626,1.093500
0.123995,1.094250
0.139052,1.095000
0.165882,1.095750
0.110717,1.096500
0.142338,1.097250
0.128012,1.098000
0.152741,1.098750
0.114961,1.099500
0.151372,1.100250
0.139600,1.101000
0.143707,1.101750
0.139737,1.102500
0.148498,1.103250
0.130839,1.104000
0.141243,1.104750
0.134398,1.105500
0.166293,1.106250
0.149593,1.107000
0.122216,1.107750
0.128923,1.108500
0.162871,1.109250
0.135767,1.110000
0.112223,1.110750
0.121668,1.111500
0.132071,1.112250
0.149319,1.113000
0.122900,1.113750
0.134261,1.114500
0.099356,1.115250
0.126322,1.116000
0.132071,1.116750
0.141790,1.117500
0.124269,1.118250
0.123995,1.119000
0.146992,1.119750
0.147129,1.120500
0.120436,1.121250
0.140558,1.122000
0.137547,1.122750
0.148087,1.123500
0.118246,1.124250
0.173548,1.125000
0.127417,1.125750
0.123174,1.126500
0.143980,1.127250
0.135083,1.128000
0.108390,1.128750
0.118520,1.129500
0.121668,1.130250
0.121394,1.131000
0.123447,1.131750
0.126185,1.132500
0.139600,1.133250
0.121942,1.134000
0.132345,1.134750
0.127143,1.135500
0.137410,1.136250
0.134261,1.137000
0.130292,1.137750
0.122489,1.138500
0.156711,1.139250
0.110991,1.140000
0.139189,1.140750
0.132893,1.141500
0.132345,1.142250
0.153289,1.143000
0.143843,1.143750
0.116056,1.144500
0.140695,1.145250
0.125227,1.146000
0.139600,1.146750
0.139874,1.147500
0.151098,1.148250
0.116787,1.149000
0.127280,1.149750
0.134535,1.150500
0.129607,1.151250
0.138368,1.152000
0.123447,1.152750
0.144802,1.153500
0.135630,1.154250
0.149866,1.155000
0.158353,1.155750
0.140695,1.156500
0.139052,1.157250
0.151098,1.158000
0.122216,1.158750
0.125090,1.159500
0.122900,1.160250
0.146034,1.161000
0.127828,1.161750
0.159448,1.162500
0.117288,1.163250
0.124816,1.164000
0.133030,1.164750
0.116056,1.165500
0.121805,1.166250
0.112770,1.167000
0.112633,1.167750
0.123995,1.168500
0.139463,1.169250
0.120984,1.170000
0.115782,1.170750
0.128375,1.171500
0.139463,1.172250
0.133577,1.173000
0.128560,1.173750
0.140011,1.174500
0.104147,1.175250
0.130292,1.176000
0.129470,1.176750
0.144254,1.177500
0.108116,1.178250
0.137410,1.179000
0.136178,1.179750
0.120299,1.180500
0.113318,1.181250
0.137957,1.182000
0.143159,1.182750
0.114824,1.183500
0.142612,1.184250
0.113228,1.185000
0.118656,1.185750
0.111128,1.186500
0.124132,1.187250
0.122626,1.188000
0.124132,1.188750
0.134535,1.189500
0.146992,1.190250
0.114687,1.191000
0.121394,1.191750
0.143570,1.192500
0.133303,1.193250
0.108801,1.194000
0.117014,1.194750
0.132345,1.195500
0.132482,1.196250
0.130976,1.197000
0.106063,1.197750
0.119478,1.198500
0.140969,1.199250
0.138231,1.200000
0.110854,1.200750
0.123721,1.201500
0.144117,1.202250
0.132208,1.203000
0.129607,1.203750
0.119478,1.204500
0.138779,1.205250
0.134672,1.206000
0.127143,1.206750
0.135767,1.207500
0.113729,1.208250
0.134125,1.209000
0.159312,1.209750
0.129060,1.210500
0.104010,1.211250
0.108801,1.212000
0.109759,1.212750
0.129334,1.213500
0.133714,1.214250
0.105379,1.215000
0.125364,1.215750
0.115645,1.216500
0.130018,1.217250
0.118793,1.218000
0.124953,1.218750
0.156711,1.219500
0.129060,1.220250
0.097165,1.221000
0.099629,1.221750
0.105652,1.222500
0.132482,1.223250
0.110306,1.224000
0.130429,1.224750
0.136589,1.225500
0.132482,1.226250
0.138642,1.227000
0.136862,1.227750
0.133440,1.228500
0.127828,1.229250
0.129470,1.230000
0.154384,1.230750
0.144254,1.231500
0.149045,1.232250
0.126322,1.233000
0.144802,1.233750
0.128786,1.234500
0.086625,1.235250
0.136862,1.236000
0.137547,1.236750
0.123858,1.237500
0.135904,1.238250
0.123174,1.239000
0.143433,1.239750
0.142748,1.240500
0.131387,1.241250
0.128238,1.242000
0.136452,1.242750
0.096892,1.243500
0.136041,1.244250
0.108664,1.245000
0.139874,1.245750
0.150140,1.246500
0.141790,1.247250
0.133577,1.248000
0.126733,1.248750
0.136315,1.249500
0.129060,1.250250
0.138231,1.251000
0.104557,1.251750
0.126870,1.252500
0.090184,1.253250
0.121257,1.254000
0.126048,1.254750
0.111402,1.255500
0.131113,1.256250
0.104010,1.257000
0.159312,1.257750
0.129334,1.258500
0.133988,1.259250
0.132619,1.260000
0.109348,1.260750
0.106110,1.261500
0.149456,1.262250
0.136725,1.263000
0.123037,1.263750
0.120984,1.264500
0.114276,1.265250
0.129060,1.266000
0.134261,1.266750
0.108664,1.267500
0.115508,1.268250
0.142612,1.269000
0.126185,1.269750
0.141516,1.270500
0.124953,1.271250
0.137957,1.272000
0.139600,1.272750
0.117561,1.273500
0.123721,1.274250
0.135220,1.275000
0.112086,1.275750
0.125227,1.276500
0.124269,1.277250
0.127554,1.278000
0.100724,1.278750
0.130292,1.279500
0.123174,1.280250
0.137957,1.281000
0.119752,1.281750
0.124953,1.282500
0.119341,1.283250
0.138642,1.284000
0.117972,1.284750
0.097576,1.285500
0.097439,1.286250
0.105926,1.287000
0.164103,1.287750
0.126459,1.288500
0.118520,1.289250
0.120573,1.290000
0.135357,1.290750
0.114687,1.291500
0.096481,1.292250
0.101546,1.293000
0.131934,1.293750
0.119752,1.294500
0.120162,1.295250
0.127554,1.296000
0.113318,1.296750
0.146855,1.297500
0.108390,1.298250
0.111675,1.299000
0.104694,1.299750
0.118520,1.300500
0.133166,1.301250
0.120710,1.302000
0.123447,1.302750
0.141380,1.303500
0.134261,1.304250
0.133303,1.305000
0.135493,1.305750
0.136725,1.306500
0.107842,1.307250
0.107158,1.308000
0.090458,1.308750
0.120984,1.309500
0.120847,1.310250
0.110170,1.311000
0.138916,1.311750
0.106337,1.312500
0.118383,1.313250
0.084298,1.314000
0.126596,1.314750
0.109485,1.315500
0.110580,1.316250
0.121531,1.317000
0.108390,1.317750
0.133303,1.318500
0.102915,1.319250
0.140148,1.320000
0.136862,1.320750
0.117561,1.321500
0.133988,1.322250
0.128102,1.323000
0.111949,1.323750
0.101683,1.324500
0.146307,1.325250
0.121942,1.326000
0.129334,1.326750
0.109622,1.327500
0.143022,1.328250
0.111949,1.329000
0.123447,1.329750
0.107569,1.330500
0.144939,1.331250
0.130566,1.332000
0.107432,1.332750
0.149730,1.333500
0.139737,1.334250
0.129607,1.335000
0.118383,1.335750
0.126870,1.336500
0.105105,1.337250
0.133714,1.338000
0.115234,1.338750
0.139052,1.339500
0.103325,1.340250
0.135493,1.341000
0.110170,1.341750
0.125364,1.342500
0.126596,1.343250
0.118930,1.344000
0.126459,1.344750
0.136178,1.345500
0.118656,1.346250
0.101867,1.347000
0.114961,1.347750
0.116193,1.348500
0.123995,1.349250
0.118793,1.350000
0.138231,1.350750
0.129607,1.351500
0.095570,1.352250
0.139326,1.353000
0.115782,1.353750
0.107295,1.354500
0.117151,1.355250
0.139052,1.356000
0.111675,1.356750
0.104147,1.357500
0.118930,1.358250
0.114276,1.359000
0.123858,1.359750
0.111265,1.360500
0.108527,1.361250
0.120710,1.362000
0.112907,1.362750
0.099219,1.363500
0.113181,1.364250
0.125090,1.365000
0.118656,1.365750
0.148087,1.366500
0.102504,1.367250
0.094017,1.368000
0.129470,1.368750
0.118383,1.369500
0.112633,1.370250
0.112497,1.371000
0.111675,1.371750
0.115782,1.372500
0.142064,1.373250
0.117014,1.374000
0.127691,1.374750
0.143022,1.375500
0.114139,1.376250
0.126459,1.377000
0.125775,1.377750
0.102367,1.378500
0.112497,1.379250
0.088131,1.380000
0.118930,1.380750
0.095797,1.381500
0.136178,1.382250
0.132208,1.383000
0.121257,1.383750
0.087173,1.384500
0.133851,1.385250
0.112907,1.386000
0.100177,1.386750
0.125775,1.387500
0.098260,1.388250
0.125090,1.389000
0.096481,1.389750
0.145349,1.390500
0.127143,1.391250
0.115919,1.392000
0.103099,1.392750
0.106200,1.393500
0.122352,1.394250
0.111128,1.395000
0.129197,1.395750
0.131387,1.396500
0.107979,1.397250
0.091964,1.398000
0.136315,1.398750
0.140284,1.399500
0.117561,1.400250
0.125364,1.401000
0.138916,1.401750
0.110717,1.402500
0.090184,1.403250
0.103736,1.404000
0.123311,1.404750
0.119478,1.405500
0.110443,1.406250
0.121668,1.407000
0.132756,1.407750
0.100724,1.408500
0.118930,1.409250
0.117972,1.410000
0.117151,1.410750
0.142064,1.411500
0.134672,1.412250
0.130839,1.413000
0.106200,1.413750
0.125775,1.414500
0.106474,1.415250
0.126870,1.416000
0.121531,1.416750
0.133030,1.417500
0.113729,1.418250
0.120299,1.419000
0.113455,1.419750
0.118793,1.420500
0.096207,1.421250
0.114961,1.422000
0.094428,1.422750
0.107569,1.423500
0.120162,1.424250
0.091279,1.425000
0.110170,1.425750
0.142064,1.426500
0.100040,1.427250
0.121394,1.428000
0.125227,1.428750
0.125364,1.429500
0.110991,1.430250
0.129334,1.431000
0.104010,1.431750
0.106474,1.432500
0.113044,1.433250
0.100040,1.434000
0.108253,1.434750
0.116329,1.435500
0.097987,1.436250
0.122079,1.437000
0.108116,1.437750
0.109348,1.438500
0.119204,1.439250
0.079370,1.440000
0.108527,1.440750
0.135357,1.441500
0.107432,1.442250
0.107158,1.443000
0.084983,1.443750
0.127691,1.444500
0.102688,1.445250
0.099903,1.446000
0.107979,1.446750
0.126048,1.447500
0.102093,1.448250
0.123447,1.449000
0.117972,1.449750
0.132208,1.450500
0.117698,1.451250
0.138779,1.452000
0.125911,1.452750
0.113044,1.453500
0.107842,1.454250
0.128649,1.455000
0.139463,1.455750
0.090869,1.456500
0.102641,1.457250
0.121257,1.458000
0.127965,1.458750
0.105652,1.459500
0.107706,1.460250
0.122763,1.461000
0.114550,1.461750
0.122626,1.462500
0.138094,1.463250
0.135767,1.464000
0.111128,1.464750
0.084435,1.465500
0.118246,1.466250
0.133030,1.467000
0.100998,1.467750
0.095159,1.468500
0.120162,1.469250
0.122352,1.470000
0.099492,1.470750
0.113865,1.471500
0.117288,1.472250
0.084572,1.473000
0.099629,1.473750
0.142475,1.474500
0.120710,1.475250
0.104283,1.476000
0.100177,1.476750
0.120847,1.477500
0.083477,1.478250
0.131798,1.479000
0.121257,1.479750
0.111675,1.480500
0.121394,1.481250
0.100177,1.482000
0.121120,1.482750
0.108801,1.483500
0.115097,1.484250
0.142338,1.485000
0.135904,1.485750
0.103325,1.486500
0.128375,1.487250
0.094975,1.488000
0.098534,1.488750
0.076222,1.489500
0.092785,1.490250
0.104831,1.491000
0.098534,1.491750
0.107569,1.492500
0.100451,1.493250
0.136589,1.494000
0.102915,1.494750
0.107295,1.495500
0.097439,1.496250
0.110580,1.497000
0.108664,1.497750
0.108801,1.498500
0.132756,1.499250
0.084161,1.500000
0.115919,1.500750
0.107569,1.501500
0.079918,1.502250
0.110491,1.503000
0.126185,1.503750
0.099677,1.504500
0.099356,1.505250
0.102367,1.506000
0.101820,1.506750
0.116603,1.507500
0.113865,1.508250
0.099492,1.509000
0.104968,1.509750
0.110170,1.510500
0.093606,1.511250
0.104604,1.512000
0.119615,1.512750
0.115782,1.513500
0.096481,1.514250
0.120025,1.515000
0.090869,1.515750
0.109348,1.516500
0.113181,1.517250
0.109485,1.518000
0.111265,1.518750
0.099356,1.519500
0.128786,1.520250
0.101409,1.521000
0.076222,1.521750
0.110991,1.522500
0.114413,1.523250
0.094975,1.524000
0.087994,1.524750
0.108938,1.525500
0.121668,1.526250
0.101546,1.527000
0.126459,1.527750
0.114002,1.528500
0.107158,1.529250
0.091827,1.530000
0.114413,1.530750
0.116877,1.531500
0.086488,1.532250
0.124953,1.533000
0.112086,1.533750
0.107158,1.534500
0.080876,1.535250
0.111949,1.536000
0.109074,1.536750
0.105652,1.537500
0.094291,1.538250
0.134398,1.539000
0.114002,1.539750
0.091827,1.540500
0.109348,1.541250
0.123721,1.542000
0.092511,1.542750
0.106063,1.543500
0.101820,1.544250
0.099677,1.545000
0.106611,1.545750
0.102367,1.546500
0.089226,1.547250
0.120573,1.548000
0.084846,1.548750
0.117151,1.549500
0.110991,1.550250
0.096070,1.551000
0.093333,1.551750
0.116466,1.552500
0.084161,1.553250
0.106747,1.554000
0.101820,1.554750
0.109211,1.555500
0.116603,1.556250
0.117835,1.557000
0.111812,1.557750
0.119341,1.558500
0.125911,1.559250
0.099356,1.560000
0.107569,1.560750
0.132756,1.561500
0.101135,1.562250
0.117561,1.563000
0.085256,1.563750
0.090732,1.564500
0.071705,1.565250
0.083066,1.566000
0.110306,1.566750
0.102641,1.567500
0.091827,1.568250
0.120299,1.569000
0.080739,1.569750
0.094428,1.570500
0.112770,1.571250
0.091463,1.572000
0.112770,1.572750
0.069241,1.573500
0.113044,1.574250
0.076496,1.575000
0.094017,1.575750
0.105515,1.576500
0.108253,1.577250
0.102778,1.578000
0.092374,1.578750
0.143433,1.579500
0.113181,1.580250
0.109896,1.581000
0.098260,1.581750
0.118930,1.582500
0.095112,1.583250
0.097302,1.584000
0.070883,1.584750
0.101683,1.585500
0.125501,1.586250
0.119478,1.587000
0.116193,1.587750
0.098945,1.588500
0.107432,1.589250
0.102504,1.590000
0.110991,1.590750
0.117835,1.591500
0.106200,1.592250
0.133851,1.593000
0.115782,1.593750
0.073210,1.594500
0.077043,1.595250
0.129881,1.596000
0.112633,1.596750
0.082655,1.597500
0.113318,1.598250
0.119341,1.599000
0.112770,1.599750
0.079370,1.600500
0.089910,1.601250
0.128923,1.602000
0.095523,1.602750
0.076222,1.603500
0.112360,1.604250
0.096892,1.605000
0.089774,1.605750
0.106474,1.606500
0.108116,1.607250
0.108664,1.608000
0.089774,1.608750
0.120162,1.609500
0.131661,1.610250
0.109485,1.611000
0.092237,1.611750
0.109759,1.612500
0.104694,1.613250
0.105789,1.614000
0.104557,1.614750
0.118383,1.615500
0.092374,1.616250
0.114413,1.617000
0.093606,1.617750
0.096070,1.618500
0.107979,1.619250
0.078549,1.620000
0.115782,1.620750
0.100177,1.621500
0.090869,1.622250
0.123721,1.623000
0.120025,1.623750
0.100998,1.624500
0.111128,1.625250
0.111265,1.626000
0.109485,1.626750
0.111675,1.627500
0.109896,1.628250
0.091279,1.629000
0.096481,1.629750
0.096892,1.630500
0.127965,1.631250
0.112223,1.632000
0.108574,1.632750
0.101867,1.633500
0.094154,1.634250
0.082108,1.635000
0.089136,1.635750
0.100724,1.636500
0.109485,1.637250
0.069788,1.638000
0.104968,1.638750
0.109211,1.639500
0.097987,1.640250
0.116056,1.641000
0.110580,1.641750
0.096939,1.642500
0.104557,1.643250
0.082245,1.644000
0.114824,1.644750
0.106200,1.645500
0.073895,1.646250
0.105789,1.647000
0.088178,1.647750
0.092785,1.648500
0.107706,1.649250
0.125364,1.650000
0.127828,1.650750
0.078960,1.651500
0.104010,1.652250
0.099492,1.653000
0.096892,1.653750
0.111675,1.654500
0.147813,1.655250
0.122079,1.656000
0.076359,1.656750
0.101409,1.657500
0.093606,1.658250
0.097439,1.659000
0.071157,1.659750
0.089774,1.660500
0.100861,1.661250
0.093059,1.662000
0.076359,1.662750
0.117288,1.663500
0.102504,1.664250
0.078412,1.665000
0.107979,1.665750
0.127143,1.666500
0.081287,1.667250
0.087036,1.668000
0.097213,1.668750
0.113729,1.669500
0.100724,1.670250
0.104557,1.671000
0.092695,1.671750
0.077591,1.672500
0.083614,1.673250
0.087857,1.674000
0.090184,1.674750
0.095386,1.675500
0.085440,1.676250
0.082382,1.677000
0.092374,1.677750
0.095660,1.678500
0.111265,1.679250
0.116193,1.680000
0.097439,1.680750
0.102504,1.681500
0.125775,1.682250
0.112360,1.683000
0.103462,1.683750
0.092374,1.684500
0.125638,1.685250
0.083477,1.686000
0.113044,1.686750
0.094338,1.687500
0.101546,1.688250
0.112907,1.689000
0.087631,1.689750
0.107158,1.690500
0.089226,1.691250
0.090184,1.692000
0.098260,1.692750
0.097987,1.693500
0.093059,1.694250
0.088315,1.695000
0.125911,1.695750
0.094291,1.696500
0.057468,1.697250
0.082519,1.698000
0.122489,1.698750
0.113181,1.699500
0.097302,1.700250
0.117561,1.701000
0.103325,1.701750
0.092237,1.702500
0.123174,1.703250
0.125775,1.704000
0.087083,1.704750
0.067187,1.705500
0.088131,1.706250
0.107432,1.707000
0.081560,1.707750
0.083477,1.708500
0.104283,1.709250
0.106611,1.710000
0.059796,1.710750
0.103051,1.711500
0.112907,1.712250
0.107295,1.713000
0.087583,1.713750
0.096939,1.714500
0.101272,1.715250
0.068419,1.716000
0.110580,1.716750
0.106063,1.717500
0.088815,1.718250
0.078823,1.719000
0.096618,1.719750
0.104283,1.720500
0.109759,1.721250
0.087857,1.722000
0.112086,1.722750
0.111723,1.723500
0.112907,1.724250
0.119615,1.725000
0.090047,1.725750
0.111265,1.726500
0.101135,1.727250
0.086215,1.728000
0.125090,1.728750
0.108253,1.729500
0.092101,1.730250
0.090732,1.731000
0.102367,1.731750
0.105515,1.732500
0.104694,1.733250
0.116877,1.734000
0.115645,1.734750
0.108527,1.735500
0.098671,1.736250
0.101956,1.737000
0.104147,1.737750
0.110854,1.738500
0.105926,1.739250
0.101135,1.740000
0.101820,1.740750
0.126322,1.741500
0.123584,1.742250
0.081608,1.743000
0.089089,1.743750
0.094975,1.744500
0.077728,1.745250
0.066229,1.746000
0.089089,1.746750
0.080328,1.747500
0.106063,1.748250
0.090732,1.749000
0.084024,1.749750
0.113181,1.750500
0.107569,1.751250
0.083751,1.752000
0.081971,1.752750
0.073210,1.753500
0.099766,1.754250
0.100724,1.755000
0.097439,1.755750
0.075127,1.756500
0.086078,1.757250
0.121942,1.758000
0.109485,1.758750
0.087857,1.759500
0.095112,1.760250
0.110443,1.761000
0.081834,1.761750
0.079918,1.762500
0.096618,1.763250
0.080328,1.764000
0.111675,1.764750
0.084161,1.765500
0.091006,1.766250
0.084024,1.767000
0.099766,1.767750
0.118793,1.768500
0.097439,1.769250
0.070199,1.770000
0.089363,1.770750
0.090458,1.771500
0.085941,1.772250
0.088542,1.773000
0.095933,1.773750
0.104420,1.774500
0.097850,1.775250
0.111675,1.776000
0.109074,1.776750
0.104831,1.777500
0.078686,1.778250
0.097213,1.779000
0.103599,1.779750
0.067461,1.780500
0.094975,1.781250
0.083614,1.782000
0.107569,1.782750
0.110170,1.783500
0.072710,1.784250
0.098945,1.785000
0.125911,1.785750
0.081334,1.786500
0.065682,1.787250
0.073758,1.788000
0.098260,1.788750
0.118520,1.789500
0.112360,1.790250
0.119204,1.791000
0.084572,1.791750
0.092237,1.792500
0.089637,1.793250
0.093469,1.794000
0.089136,1.794750
0.113729,1.795500
0.078412,1.796250
0.063355,1.797000
0.106611,1.797750
0.125090,1.798500
0.093059,1.799250
0.089089,1.800000
0.075674,1.800750
0.086488,1.801500
0.087446,1.802250
0.092101,1.803000
0.068419,1.803750
0.083203,1.804500
0.087720,1.805250
0.087857,1.806000
0.089226,1.806750
0.070473,1.807500
0.085851,1.808250
0.104147,1.809000
0.085804,1.809750
0.095797,1.810500
0.081424,1.811250
0.089684,1.812000
0.101409,1.812750
0.107158,1.813500
0.091416,1.814250
0.102641,1.815000
0.087446,1.815750
0.090595,1.816500
0.085393,1.817250
0.081334,1.818000
0.094017,1.818750
0.102915,1.819500
0.074032,1.820250
0.095523,1.821000
0.096344,1.821750
0.102093,1.822500
0.071020,1.823250
0.083614,1.824000
0.075811,1.824750
0.103462,1.825500
0.079370,1.826250
0.107979,1.827000
0.104557,1.827750
0.084846,1.828500
0.094428,1.829250
0.089774,1.830000
0.077501,1.830750
0.077728,1.831500
0.101683,1.832250
0.105836,1.833000
0.082245,1.833750
0.075585,1.834500
0.108801,1.835250
0.098171,1.836000
0.080739,1.836750
0.095797,1.837500
0.108116,1.838250
0.070610,1.839000
0.088678,1.839750
0.085256,1.840500
0.086809,1.841250
0.077043,1.842000
0.101956,1.842750
0.082792,1.843500
0.083340,1.844250
0.085393,1.845000
0.075948,1.845750
0.103325,1.846500
0.091964,1.847250
0.081150,1.848000
0.085804,1.848750
0.096892,1.849500
0.068009,1.850250
0.084983,1.851000
0.109622,1.851750
0.074990,1.852500
0.089363,1.853250
0.086899,1.854000
0.110306,1.854750
0.074716,1.855500
0.094154,1.856250
0.097987,1.857000
0.092237,1.857750
0.073895,1.858500
0.067461,1.859250
0.100040,1.860000
0.077180,1.860750
0.083614,1.861500
0.093059,1.862250
0.106474,1.863000
0.072710,1.863750
0.096344,1.864500
0.106063,1.865250
0.106884,1.866000
0.092922,1.866750
0.098945,1.867500
0.105379,1.868250
0.101956,1.869000
0.101135,1.869750
0.113592,1.870500
0.090458,1.871250
0.089774,1.872000
0.099492,1.872750
0.110580,1.873500
0.072526,1.874250
0.081287,1.875000
0.106474,1.875750
0.097576,1.876500
0.058974,1.877250
0.095249,1.878000
0.096481,1.878750
0.096344,1.879500
0.083340,1.880250
0.056373,1.881000
0.107021,1.881750
0.085167,1.882500
0.087583,1.883250
0.104831,1.884000
0.069925,1.884750
0.082519,1.885500
0.085941,1.886250
0.114824,1.887000
0.103873,1.887750
0.092511,1.888500
0.098534,1.889250
0.118793,1.890000
0.095797,1.890750
0.059522,1.891500
0.086125,1.892250
0.073895,1.893000
0.065545,1.893750
0.086762,1.894500
0.099629,1.895250
0.085804,1.896000
0.084572,1.896750
0.101272,1.897500
0.088542,1.898250
0.095249,1.899000
0.085667,1.899750
0.094612,1.900500
0.073484,1.901250
0.103736,1.902000
0.080465,1.902750
0.094428,1.903500
0.063765,1.904250
0.104968,1.905000
0.096892,1.905750
0.096892,1.906500
0.086762,1.907250
0.124132,1.908000
0.099356,1.908750
0.114687,1.909500
0.075127,1.910250
0.120710,1.911000
0.089821,1.911750
0.068056,1.912500
0.088678,1.913250
0.090869,1.914000
0.086078,1.914750
0.083614,1.915500
0.110306,1.916250
0.118520,1.917000
0.097850,1.917750
0.063355,1.918500
0.106474,1.919250
0.074169,1.920000
0.082655,1.920750
0.098808,1.921500
0.112497,1.922250
0.073210,1.923000
0.094428,1.923750
0.095249,1.924500
0.084161,1.925250
0.072252,1.926000
0.087857,1.926750
0.083250,1.927500
0.104283,1.928250
0.081197,1.929000
0.096528,1.929750
0.091279,1.930500
0.081013,1.931250
0.106884,1.932000
0.104694,1.932750
0.100451,1.933500
0.096344,1.934250
0.063491,1.935000
0.081834,1.935750
0.101683,1.936500
0.059796,1.937250
0.087036,1.938000
0.094428,1.938750
0.067461,1.939500
0.079233,1.940250
0.105105,1.941000
0.101272,1.941750
0.091006,1.942500
0.078459,1.943250
0.109485,1.944000
0.055278,1.944750
0.064450,1.945500
0.061759,1.946250
0.081150,1.947000
0.080602,1.947750
0.089089,1.948500
0.115782,1.949250
0.074032,1.950000
0.070610,1.950750
0.120025,1.951500
0.125227,1.952250
0.075674,1.953000
0.082108,1.953750
0.102367,1.954500
0.099492,1.955250
0.066640,1.956000
0.108664,1.956750
0.061301,1.957500
0.073347,1.958250
0.078001,1.959000
0.084572,1.959750
0.134261,1.960500
0.093743,1.961250
0.086625,1.962000
0.101593,1.962750
0.068282,1.963500
0.087310,1.964250
0.093880,1.965000
0.089637,1.965750
0.079644,1.966500
0.061027,1.967250
0.081013,1.968000
0.096207,1.968750
0.080876,1.969500
0.097987,1.970250
0.080739,1.971000
0.103599,1.971750
0.083887,1.972500
0.070883,1.973250
0.101546,1.974000
0.093606,1.974750
0.095660,1.975500
0.104420,1.976250
0.096207,1.977000
0.058564,1.977750
0.070246,1.978500
0.098808,1.979250
0.071157,1.980000
0.077864,1.980750
0.123447,1.981500
0.087036,1.982250
0.093880,1.983000
0.080239,1.983750
0.106611,1.984500
0.107979,1.985250
0.100998,1.986000
0.100998,1.986750
0.065455,1.987500
0.096892,1.988250
0.074442,1.989000
0.091006,1.989750
0.080192,1.990500
0.098260,1.991250
0.079096,1.992000
0.110033,1.992750
0.114961,1.993500
0.078001,1.994250
0.097623,1.995000
0.084572,1.995750
0.108938,1.996500
0.082108,1.997250
0.101820,1.998000
0.086078,1.998750
0.065819,1.999500
0.086899,2.000250
0.084024,2.001000
0.079096,2.001750
0.091827,2.002500
0.094975,2.003250
0.110717,2.004000
0.084298,2.004750
0.110580,2.005500
0.091690,2.006250
0.067187,2.007000
0.087857,2.007750
0.090869,2.008500
0.104420,2.009250
0.104831,2.010000
0.074763,2.010750
0.086762,2.011500
0.094838,2.012250
0.104147,2.013000
0.091416,2.013750
0.097850,2.014500
0.067919,2.015250
0.062444,2.016000
0.091553,2.016750
0.094154,2.017500
0.081424,2.018250
0.070199,2.019000
0.086215,2.019750
0.090047,2.020500
0.080739,2.021250
0.083661,2.022000
0.110580,2.022750
0.084709,2.023500
0.071157,2.024250
0.083887,2.025000
0.073210,2.025750
0.079233,2.026500
0.079918,2.027250
0.098808,2.028000
0.086762,2.028750
0.089500,2.029500
0.072115,2.030250
0.064039,2.031000
0.087857,2.031750
0.071978,2.032500
0.083477,2.033250
0.079507,2.034000
0.057742,2.034750
0.093059,2.035500
0.068467,2.036250
0.073758,2.037000
0.082429,2.037750
0.094565,2.038500
0.079507,2.039250
0.092237,2.040000
0.094428,2.040750
0.105379,2.041500
0.081150,2.042250
0.074990,2.043000
0.096344,2.043750
0.085667,2.044500
0.078686,2.045250
0.080876,2.046000
0.079096,2.046750
0.081560,2.047500
0.083751,2.048250
0.103188,2.049000
0.093059,2.049750
0.075311,2.050500
0.082018,2.051250
0.108801,2.052000
0.100588,2.052750
0.105105,2.053500
0.068146,2.054250
0.073942,2.055000
0.075811,2.055750
0.077090,2.056500
0.101820,2.057250
0.109759,2.058000
0.115508,2.058750
0.069835,2.059500
0.112497,2.060250
0.087173,2.061000
0.081013,2.061750
0.074853,2.062500
0.091690,2.063250
0.087310,2.064000
0.076222,2.064750
0.082655,2.065500
0.068967,2.066250
0.093743,2.067000
0.074990,2.067750
0.111265,2.068500
0.096207,2.069250
0.070246,2.070000
0.076269,2.070750
0.094838,2.071500
0.091416,2.072250
0.075264,2.073000
0.103188,2.073750
0.117288,2.074500
0.067461,2.075250
0.083477,2.076000
0.126733,2.076750
0.094291,2.077500
0.071705,2.078250
0.096481,2.079000
0.081287,2.079750
0.086351,2.080500
0.083935,2.081250
0.100314,2.082000
0.089637,2.082750
0.090184,2.083500
0.095249,2.084250
0.093743,2.085000
0.077454,2.085750
0.084846,2.086500
0.118793,2.087250
0.087994,2.088000
0.081834,2.088750
0.102093,2.089500
0.104420,2.090250
0.077864,2.091000
0.091279,2.091750
0.092785,2.092500
0.100177,2.093250
0.080055,2.094000
0.061164,2.094750
0.074900,2.095500
0.086762,2.096250
0.068419,2.097000
0.075401,2.097750
0.089910,2.098500
0.084024,2.099250
0.054320,2.100000
0.083751,2.100750
0.078001,2.101500
0.090869,2.102250
0.067050,2.103000
0.071431,2.103750
0.078823,2.104500
0.075537,2.105250
0.096892,2.106000
0.101272,2.106750
0.074032,2.107500
0.077317,2.108250
0.097850,2.109000
0.064723,2.109750
0.091553,2.110500
0.075264,2.111250
0.083477,2.112000
0.060480,2.112750
0.056831,2.113500
0.093880,2.114250
0.104010,2.115000
0.055005,2.115750
0.074032,2.116500
0.088131,2.117250
0.069378,2.118000
0.077317,2.118750
0.091827,2.119500
0.083387,2.120250
0.076222,2.121000
0.079233,2.121750
0.071020,2.122500
0.083203,2.123250
0.095660,2.124000
0.099356,2.124750
0.091006,2.125500
0.088542,2.126250
0.074716,2.127000
0.091142,2.127750
0.109348,2.128500
0.098397,2.129250
0.090047,2.130000
0.077591,2.130750
0.104557,2.131500
0.091416,2.132250
0.059796,2.133000
0.094701,2.133750
0.055552,2.134500
0.070473,2.135250
0.087446,2.136000
0.093469,2.136750
0.050487,2.137500
0.078412,2.138250
0.094428,2.139000
0.060069,2.139750
0.075264,2.140500
0.096481,2.141250
0.094154,2.142000
0.092374,2.142750
0.075537,2.143500
0.065271,2.144250
0.081971,2.145000
0.084983,2.145750
0.062533,2.146500
0.085167,2.147250
0.104557,2.148000
0.073073,2.148750
0.085530,2.149500
0.085577,2.150250
0.058837,2.151000
0.061575,2.151750
0.103051,2.152500
0.090869,2.153250
0.079918,2.154000
0.086488,2.154750
0.073621,2.155500
0.061575,2.156250
0.099219,2.157000
0.078960,2.157750
0.084983,2.158500
0.064176,2.159250
0.097987,2.160000
0.110991,2.160750
0.104694,2.161500
0.057926,2.162250
0.105652,2.163000
0.103599,2.163750
0.088678,2.164500
0.080328,2.165250
0.103599,2.166000
0.083066,2.166750
0.097029,2.167500
0.080739,2.168250
0.079233,2.169000
0.093469,2.169750
0.073668,2.170500
0.097987,2.171250
0.071705,2.172000
0.070062,2.172750
0.072163,2.173500
0.113181,2.174250
0.095523,2.175000
0.070336,2.175750
0.091416,2.176500
0.081745,2.177250
0.076632,2.178000
0.084435,2.178750
0.104831,2.179500
0.062944,2.180250
0.070246,2.181000
0.088678,2.181750
0.066366,2.182500
0.058337,2.183250
0.052951,2.184000
0.063902,2.184750
0.083614,2.185500
0.079233,2.186250
0.075401,2.187000
0.091006,2.187750
0.102230,2.188500
0.087583,2.189250
0.084572,2.190000
0.069104,2.190750
0.090732,2.191500
0.068967,2.192250
0.103188,2.193000
0.102915,2.193750
0.067645,2.194500
0.080602,2.195250
0.100040,2.196000
0.070746,2.196750
0.077728,2.197500
0.098260,2.198250
0.062033,2.199000
0.084435,2.199750
0.079918,2.200500
0.083066,2.201250
0.094701,2.202000
0.093469,2.202750
0.072389,2.203500
0.104968,2.204250
0.084161,2.205000
0.082792,2.205750
0.097623,2.206500
0.079370,2.207250
0.087173,2.208000
0.055005,2.208750
0.067735,2.209500
0.101272,2.210250
0.083066,2.211000
0.077043,2.211750
0.087446,2.212500
0.073484,2.213250
0.077591,2.214000
0.093333,2.214750
0.088405,2.215500
0.068556,2.216250
0.106337,2.217000
0.119752,2.217750
0.088678,2.218500
0.086078,2.219250
0.078001,2.220000
0.092101,2.220750
0.078960,2.221500
0.069014,2.222250
0.073484,2.223000
0.073210,2.223750
0.084983,2.224500
0.096892,2.225250
0.077864,2.226000
0.057605,2.226750
0.073621,2.227500
0.092922,2.228250
0.066914,2.229000
0.074032,2.229750
0.060206,2.230500
0.079691,2.231250
0.085256,2.232000
0.080876,2.232750
0.069378,2.233500
0.069925,2.234250
0.074305,2.235000
0.058427,2.235750
0.090595,2.236500
0.079096,2.237250
0.068419,2.238000
0.074579,2.238750
0.083887,2.239500
0.088131,2.240250
0.060206,2.241000
0.092237,2.241750
0.091006,2.242500
0.042411,2.243250
0.083203,2.244000
0.069151,2.244750
0.065682,2.245500
0.082655,2.246250
0.083751,2.247000
0.082382,2.247750
0.076496,2.248500
0.056100,2.249250
0.072115,2.250000
0.076085,2.250750
0.056694,2.251500
0.083614,2.252250
0.079507,2.253000
0.064997,2.253750
0.075401,2.254500
0.067735,2.255250
0.064587,2.256000
0.075811,2.256750
0.084756,2.257500
0.094017,2.258250
0.055826,2.259000
0.051445,2.259750
0.074442,2.260500
0.086351,2.261250
0.076085,2.262000
0.054046,2.262750
0.078275,2.263500
0.073484,2.264250
0.102504,2.265000
0.067461,2.265750
0.079781,2.266500
0.089363,2.267250
0.081560,2.268000
0.083887,2.268750
0.098260,2.269500
0.082655,2.270250
0.071294,2.271000
0.067187,2.271750
0.049118,2.272500
0.074579,2.273250
0.070520,2.274000
0.089089,2.274750
0.051719,2.275500
0.077180,2.276250
0.076769,2.277000
0.081424,2.277750
0.065545,2.278500
0.059248,2.279250
0.090184,2.280000
0.064223,2.280750
0.081287,2.281500
0.068419,2.282250
0.075811,2.283000
0.095249,2.283750
0.083661,2.284500
0.070473,2.285250
0.061575,2.286000
0.077728,2.286750
0.081150,2.287500
0.064176,2.288250
0.082108,2.289000
0.070246,2.289750
0.097302,2.290500
0.064176,2.291250
0.082245,2.292000
0.081013,2.292750
0.097029,2.293500
0.070610,2.294250
0.054320,2.295000
0.079507,2.295750
0.070336,2.296500
0.062123,2.297250
0.085667,2.298000
0.101820,2.298750
0.058290,2.299500
0.074032,2.300250
0.061301,2.301000
0.079781,2.301750
0.055052,2.302500
0.080328,2.303250
0.102915,2.304000
0.113729,2.304750
0.062533,2.305500
0.061575,2.306250
0.083066,2.307000
0.076769,2.307750
0.076222,2.308500
0.069514,2.309250
0.099082,2.310000
0.060343,2.310750
0.080102,2.311500
0.057468,2.312250
0.076496,2.313000
0.065682,2.313750
0.095386,2.314500
0.071020,2.315250
0.072252,2.316000
0.067050,2.316750
0.099219,2.317500
0.100451,2.318250
0.093743,2.319000
0.084024,2.319750
0.062944,2.320500
0.064723,2.321250
0.062991,2.322000
0.071978,2.322750
0.093196,2.323500
0.066366,2.324250
0.073484,2.325000
0.112086,2.325750
0.083066,2.326500
0.055278,2.327250
0.066777,2.328000
0.072847,2.328750
0.084435,2.329500
0.050624,2.330250
0.090095,2.331000
0.094701,2.331750
0.083751,2.332500
0.050761,2.333250
0.100451,2.334000
0.061027,2.334750
0.060891,2.335500
0.065545,2.336250
0.100588,2.337000
0.072937,2.337750
0.060206,2.338500
0.064223,2.339250
0.051719,2.340000
0.049118,2.340750
0.066503,2.341500
0.068967,2.342250
0.057879,2.343000
0.058974,2.343750
0.064634,2.344500
0.067324,2.345250
0.084435,2.346000
0.092374,2.346750
0.085256,2.347500
0.102230,2.348250
0.084161,2.349000
0.092101,2.349750
0.088131,2.350500
0.072389,2.351250
0.078275,2.352000
0.091827,2.352750
0.063902,2.353500
0.057516,2.354250
0.064086,2.355000
0.100040,2.355750
0.080328,2.356500
0.074579,2.357250
0.074853,2.358000
0.080055,2.358750
0.090047,2.359500
0.058564,2.360250
0.073895,2.361000
0.094428,2.361750
0.060343,2.362500
0.064997,2.363250
0.087904,2.364000
0.076632,2.364750
0.066366,2.365500
0.091553,2.366250
0.058153,2.367000
0.068967,2.367750
0.083066,2.368500
0.073347,2.369250
0.078686,2.370000
0.072389,2.370750
0.088815,2.371500
0.076906,2.372250
0.059385,2.373000
0.060617,2.373750
0.086625,2.374500
0.067872,2.375250
0.070473,2.376000
0.091006,2.376750
0.078823,2.377500
0.072115,2.378250
0.060754,2.379000
0.064723,2.379750
0.084161,2.380500
0.075264,2.381250
0.048845,2.382000
0.094428,2.382750
0.052814,2.383500
0.085667,2.384250
0.076496,2.385000
0.097439,2.385750
0.061164,2.386500
0.088952,2.387250
0.099492,2.388000
0.076906,2.388750
0.101272,2.389500
0.084024,2.390250
0.075401,2.391000
0.063081,2.391750
0.084572,2.392500
0.112086,2.393250
0.062717,2.394000
0.068556,2.394750
0.070109,2.395500
0.077317,2.396250
0.083751,2.397000
0.063902,2.397750
0.075537,2.398500
0.071752,2.399250
0.083066,2.400000
0.090458,2.400750
0.077728,2.401500
0.073347,2.402250
0.056784,2.403000
0.085256,2.403750
0.079781,2.404500
0.071157,2.405250
0.065271,2.406000
0.083887,2.406750
0.088952,2.407500
0.066229,2.408250
0.074169,2.409000
0.080055,2.409750
0.061027,2.410500
0.075674,2.411250
0.064997,2.412000
0.100861,2.412750
0.067735,2.413500
0.067735,2.414250
0.079370,2.415000
0.092648,2.415750
0.055278,2.416500
0.076632,2.417250
0.063081,2.418000
0.065819,2.418750
0.044922,2.419500
0.086488,2.420250
0.094154,2.421000
0.055278,2.421750
0.063218,2.422500
0.072663,2.423250
0.092237,2.424000
0.072252,2.424750
0.075401,2.425500
0.095386,2.426250
0.057605,2.427000
0.070336,2.427750
0.082929,2.428500
0.052951,2.429250
0.067461,2.430000
0.077728,2.430750
0.064450,2.431500
0.098124,2.432250
0.077317,2.433000
0.084709,2.433750
0.065819,2.434500
0.076632,2.435250
0.070473,2.436000
0.086351,2.436750
0.094838,2.437500
0.045149,2.438250
0.087173,2.439000
0.061986,2.439750
0.081560,2.440500
0.067598,2.441250
0.084572,2.442000
0.077591,2.442750
0.079918,2.443500
0.074305,2.444250
0.100314,2.445000
0.074579,2.445750
0.046244,2.446500
0.078686,2.447250
0.087036,2.448000
0.055278,2.448750
0.066777,2.449500
0.068146,2.450250
0.078275,2.451000
0.081697,2.451750
0.060480,2.452500
0.084298,2.453250
0.058153,2.454000
0.063355,2.454750
0.072937,2.455500
0.071705,2.456250
0.067187,2.457000
0.059385,2.457750
0.083203,2.458500
0.078870,2.459250
0.050487,2.460000
0.050487,2.460750
0.063491,2.461500
0.064176,2.462250
0.074032,2.463000
0.064176,2.463750
0.060206,2.464500
0.052267,2.465250
0.064313,2.466000
0.092785,2.466750
0.069288,2.467500
0.085941,2.468250
0.077317,2.469000
0.096892,2.469750
0.061027,2.470500
0.061164,2.471250
0.095386,2.472000
0.085804,2.472750
0.086762,2.473500
0.082245,2.474250
0.056373,2.475000
0.084846,2.475750
0.059111,2.476500
0.054594,2.477250
0.079644,2.478000
0.064587,2.478750
0.080876,2.479500
0.057058,2.480250
0.079370,2.481000
0.062259,2.481750
0.072389,2.482500
0.068146,2.483250
0.067050,2.484000
0.085256,2.484750
0.091964,2.485500
0.076496,2.486250
0.074305,2.487000
0.076680,2.487750
0.084435,2.488500
0.084572,2.489250
0.059385,2.490000
0.069378,2.490750
0.058016,2.491500
0.046654,2.492250
0.090732,2.493000
0.054594,2.493750
0.078001,2.494500
0.072115,2.495250
0.086351,2.496000
0.078322,2.496750
0.057468,2.497500
0.063491,2.498250
0.080876,2.499000
0.054183,2.499750
0.069104,2.500500
0.062944,2.501250
0.088678,2.502000
0.061301,2.502750
0.071020,2.503500
0.078275,2.504250
0.093743,2.505000
0.067187,2.505750
0.088131,2.506500
0.085530,2.507250
0.078138,2.508000
0.063491,2.508750
0.061164,2.509500
0.076496,2.510250
0.063218,2.511000
0.074442,2.511750
0.074579,2.512500
0.059385,2.513250
0.061849,2.514000
0.058974,2.514750
0.075448,2.515500
0.062944,2.516250
0.068556,2.517000
0.066003,2.517750
0.083887,2.518500
0.065134,2.519250
0.063218,2.520000
0.061438,2.520750
0.089637,2.521500
0.076359,2.522250
0.077591,2.523000
0.090458,2.523750
0.037346,2.524500
0.080055,2.525250
0.065819,2.526000
0.082929,2.526750
0.082519,2.527500
0.052677,2.528250
0.072252,2.529000
0.064086,2.529750
0.081697,2.530500
0.047339,2.531250
0.055141,2.532000
0.046791,2.532750
0.056784,2.533500
0.065271,2.534250
0.068282,2.535000
0.058016,2.535750
0.056694,2.536500
0.067324,2.537250
0.069425,2.538000
0.079233,2.538750
0.072937,2.539500
0.110717,2.540250
0.066503,2.541000
0.077043,2.541750
0.060069,2.542500
0.082108,2.543250
0.062670,2.544000
0.077591,2.544750
0.079507,2.545500
0.066503,2.546250
0.053499,2.547000
0.089363,2.547750
0.078275,2.548500
0.061438,2.549250
0.065134,2.550000
0.081424,2.550750
0.074990,2.551500
0.075127,2.552250
0.055689,2.553000
0.079918,2.553750
0.054778,2.554500
0.053636,2.555250
0.081971,2.556000
0.074853,2.556750
0.060343,2.557500
0.056784,2.558250
0.076222,2.559000
0.086899,2.559750
0.061759,2.560500
0.052814,2.561250
0.097165,2.562000
0.070473,2.562750
0.065955,2.563500
0.052404,2.564250
0.071568,2.565000
0.070336,2.565750
0.063902,2.566500
0.101135,2.567250
0.078275,2.568000
0.062944,2.568750
0.051856,2.569500
0.072800,2.570250
0.072526,2.571000
0.064039,2.571750
0.058611,2.572500
0.080465,2.573250
0.055689,2.574000
0.065545,2.574750
0.097576,2.575500
0.054046,2.576250
0.058837,2.577000
0.077728,2.577750
0.072663,2.578500
0.062533,2.579250
0.074990,2.580000
0.074579,2.580750
0.068830,2.581500
0.085804,2.582250
0.065271,2.583000
0.049803,2.583750
0.078960,2.584500
0.040405,2.585250
0.073758,2.586000
0.068009,2.586750
0.055963,2.587500
0.085941,2.588250
0.065955,2.589000
0.073621,2.589750
0.064039,2.590500
0.083203,2.591250
0.098397,2.592000
0.076632,2.592750
0.061301,2.593500
0.079370,2.594250
0.065545,2.595000
0.064587,2.595750
0.083203,2.596500
0.094017,2.597250
0.078549,2.598000
0.077317,2.598750
0.069651,2.599500
0.078549,2.600250
0.049940,2.601000
0.090184,2.601750
0.070336,2.602500
0.075674,2.603250
0.074032,2.604000
0.079507,2.604750
0.081013,2.605500
0.078686,2.606250
0.060754,2.607000
0.070336,2.607750
0.062396,2.608500
0.065819,2.609250
0.048023,2.610000
0.101683,2.610750
0.055552,2.611500
0.068830,2.612250
0.058427,2.613000
0.056373,2.613750
0.052814,2.614500
0.074853,2.615250
0.071478,2.616000
0.083203,2.616750
0.063539,2.617500
0.053636,2.618250
0.078001,2.619000
0.062533,2.619750
0.040631,2.620500
0.068146,2.621250
0.064860,2.622000
0.072800,2.622750
0.073484,2.623500
0.065181,2.624250
0.083340,2.625000
0.060343,2.625750
0.078686,2.626500
0.084709,2.627250
0.051993,2.628000
0.062033,2.628750
0.071705,2.629500
0.055141,2.630250
0.051082,2.631000
0.076632,2.631750
0.069104,2.632500
0.076769,2.633250
0.055415,2.634000
0.071157,2.634750
0.085119,2.635500
0.062259,2.636250
0.057468,2.637000
0.048481,2.637750
0.065819,2.638500
0.058700,2.639250
0.050898,2.640000
0.080328,2.640750
0.070610,2.641500
0.058700,2.642250
0.070883,2.643000
0.069514,2.643750
0.052541,2.644500
0.074716,2.645250
0.076769,2.646000
0.073758,2.646750
0.055826,2.647500
0.065955,2.648250
0.058427,2.649000
0.052267,2.649750
0.080739,2.650500
0.095797,2.651250
0.069925,2.652000
0.057926,2.652750
0.078960,2.653500
0.082108,2.654250
0.073531,2.655000
0.067872,2.655750
0.075401,2.656500
0.068693,2.657250
0.067872,2.658000
0.081697,2.658750
0.072163,2.659500
0.062259,2.660250
0.059659,2.661000
0.065955,2.661750
0.056373,2.662500
0.062670,2.663250
0.055415,2.664000
0.088131,2.664750
0.078960,2.665500
0.043917,2.666250
0.050487,2.667000
0.076085,2.667750
0.048982,2.668500
0.055141,2.669250
0.075127,2.670000
0.067187,2.670750
0.064086,2.671500
0.067050,2.672250
0.076769,2.673000
0.071020,2.673750
0.077043,2.674500
0.066640,2.675250
0.055689,2.676000
0.060617,2.676750
0.075127,2.677500
0.072800,2.678250
0.071705,2.679000
0.071294,2.679750
0.057468,2.680500
0.074305,2.681250
0.069104,2.682000
0.062396,2.682750
0.075264,2.683500
0.067187,2.684250
0.054594,2.685000
0.067598,2.685750
0.073668,2.686500
0.059706,2.687250
0.066777,2.688000
0.085667,2.688750
0.092648,2.689500
0.070883,2.690250
0.061485,2.691000
0.090184,2.691750
0.063081,2.692500
0.069104,2.693250
0.048982,2.694000
0.058016,2.694750
0.049529,2.695500
0.068967,2.696250
0.069514,2.697000
0.068009,2.697750
0.081560,2.698500
0.049118,2.699250
0.072663,2.700000
0.047339,2.700750
0.054320,2.701500
0.074853,2.702250
0.071204,2.703000
0.047202,2.703750
0.078412,2.704500
0.061164,2.705250
0.077317,2.706000
0.064997,2.706750
0.068967,2.707500
0.047750,2.708250
0.061849,2.709000
0.063218,2.709750
0.068830,2.710500
0.067050,2.711250
0.056647,2.712000
0.051856,2.712750
0.055415,2.713500
0.061027,2.714250
0.057058,2.715000
0.089637,2.715750
0.088268,2.716500
0.054183,2.717250
0.073484,2.718000
0.074169,2.718750
0.063902,2.719500
0.066777,2.720250
0.086351,2.721000
0.085119,2.721750
0.051719,2.722500
0.053773,2.723250
0.052404,2.724000
0.073895,2.724750
0.078138,2.725500
0.051582,2.726250
0.055141,2.727000
0.072937,2.727750
0.065134,2.728500
0.043506,2.729250
0.064634,2.730000
0.099219,2.730750
0.086488,2.731500
0.051309,2.732250
0.078275,2.733000
0.059659,2.733750
0.076359,2.734500
0.065181,2.735250
0.035977,2.736000
0.058427,2.736750
0.058837,2.737500
0.070199,2.738250
0.058974,2.739000
0.049529,2.739750
0.089089,2.740500
0.062123,2.741250
0.060617,2.742000
0.066687,2.742750
0.056558,2.743500
0.080739,2.744250
0.067598,2.745000
0.081971,2.745750
0.094975,2.746500
0.066366,2.747250
0.057332,2.748000
0.072800,2.748750
0.078686,2.749500
0.078275,2.750250
0.079918,2.751000
0.082655,2.751750
0.055552,2.752500
0.067324,2.753250
0.068009,2.754000
0.068967,2.754750
0.071067,2.755500
0.061164,2.756250
0.084161,2.757000
0.080876,2.757750
0.076085,2.758500
0.053820,2.759250
0.096207,2.760000
0.059659,2.760750
0.083614,2.761500
0.068193,2.762250
0.063355,2.763000
0.056647,2.763750
0.063902,2.764500
0.065866,2.765250
0.050898,2.766000
0.053135,2.766750
0.055689,2.767500
0.052951,2.768250
0.074442,2.769000
0.073073,2.769750
0.083614,2.770500
0.070062,2.771250
0.057468,2.772000
0.091142,2.772750
0.058837,2.773500
0.068967,2.774250
0.044101,2.775000
0.095386,2.775750
0.059248,2.776500
0.059248,2.777250
0.066092,2.778000
0.072526,2.778750
0.080192,2.779500
0.064587,2.780250
0.068009,2.781000
0.064176,2.781750
0.066276,2.782500
0.062396,2.783250
0.068556,2.784000
0.049529,2.784750
0.053362,2.785500
0.067735,2.786250
0.057195,2.787000
0.067872,2.787750
0.068693,2.788500
0.077591,2.789250
0.070883,2.790000
0.053499,2.790750
0.058427,2.791500
0.084983,2.792250
0.079507,2.793000
0.051993,2.793750
0.072663,2.794500
0.055141,2.795250
0.047339,2.796000
0.067050,2.796750
0.061849,2.797500
0.084298,2.798250
0.079644,2.799000
0.081287,2.799750
0.069288,2.800500
0.043917,2.801250
0.073484,2.802000
0.066777,2.802750
0.058974,2.803500
0.062533,2.804250
0.059111,2.805000
0.061986,2.805750
0.046791,2.806500
0.076769,2.807250
0.081013,2.808000
0.063128,2.808750
0.061212,2.809500
0.052814,2.810250
0.086351,2.811000
0.066777,2.811750
0.046654,2.812500
0.056010,2.813250
0.077728,2.814000
0.043095,2.814750
0.078001,2.815500
0.075948,2.816250
0.050214,2.817000
0.067598,2.817750
0.084572,2.818500
0.056647,2.819250
0.061849,2.820000
0.055141,2.820750
0.062533,2.821500
0.064723,2.822250
0.052267,2.823000
0.051856,2.823750
0.075674,2.824500
0.058290,2.825250
0.063355,2.826000
0.060343,2.826750
0.066914,2.827500
0.064176,2.828250
0.065955,2.829000
0.073347,2.829750
0.051993,2.830500
0.064723,2.831250
0.069241,2.832000
0.069925,2.832750
0.069788,2.833500
0.054731,2.834250
0.086215,2.835000
0.071020,2.835750
0.039947,2.836500
0.056421,2.837250
0.042000,2.838000
0.063491,2.838750
0.044738,2.839500
0.072800,2.840250
0.055689,2.841000
0.062259,2.841750
0.059111,2.842500
0.046791,2.843250
0.059796,2.844000
0.060754,2.844750
0.091416,2.845500
0.079781,2.846250
0.050898,2.847000
0.068693,2.847750
0.090458,2.848500
0.048571,2.849250
0.049666,2.850000
0.053773,2.850750
0.057653,2.851500
0.050214,2.852250
0.063355,2.853000
0.055826,2.853750
0.048845,2.854500
0.050761,2.855250
0.062259,2.856000
0.084709,2.856750
0.065408,2.857500
0.077043,2.858250
0.058290,2.859000
0.063402,2.859750
0.065271,2.860500
0.068830,2.861250
0.063765,2.862000
0.075948,2.862750
0.044238,2.863500
0.080602,2.864250
0.051719,2.865000
0.061712,2.865750
0.057332,2.866500
0.066229,2.867250
0.053636,2.868000
0.048160,2.868750
0.055552,2.869500
0.047202,2.870250
0.057058,2.871000
0.061986,2.871750
0.084983,2.872500
0.057332,2.873250
0.049940,2.874000
0.050898,2.874750
0.079507,2.875500
0.072937,2.876250
0.067598,2.877000
0.050671,2.877750
0.050350,2.878500
0.059932,2.879250
0.051445,2.880000
0.067735,2.880750
0.078549,2.881500
0.065819,2.882250
0.059659,2.883000
0.042548,2.883750
0.067872,2.884500
0.066092,2.885250
0.062396,2.886000
0.063676,2.886750
0.054594,2.887500
0.060480,2.888250
0.072115,2.889000
0.081971,2.889750
0.047202,2.890500
0.048708,2.891250
0.071294,2.892000
0.071020,2.892750
0.062670,2.893500
0.089774,2.894250
0.069514,2.895000
0.039263,2.895750
0.061575,2.896500
0.070199,2.897250
0.066640,2.898000
0.038715,2.898750
0.070199,2.899500
0.049666,2.900250
0.056510,2.901000
0.055005,2.901750
0.060891,2.902500
0.077864,2.903250
0.072937,2.904000
0.065408,2.904750
0.062944,2.905500
0.074442,2.906250
0.057332,2.907000
0.052404,2.907750
0.068967,2.908500
0.053499,2.909250
0.081060,2.910000
0.049666,2.910750
0.068419,2.911500
0.076632,2.912250
0.078138,2.913000
0.057468,2.913750
0.068556,2.914500
0.051856,2.915250
0.070473,2.916000
0.060891,2.916750
0.054594,2.917500
0.074579,2.918250
0.058153,2.919000
0.070610,2.919750
0.064176,2.920500
0.052130,2.921250
0.064313,2.922000
0.066777,2.922750
0.061986,2.923500
0.056236,2.924250
0.074716,2.925000
0.076085,2.925750
0.052814,2.926500
0.068830,2.927250
0.047476,2.928000
0.062396,2.928750
0.062170,2.929500
0.073210,2.930250
0.061027,2.931000
0.033240,2.931750
0.063218,2.932500
0.066092,2.933250
0.052541,2.934000
0.069651,2.934750
0.075127,2.935500
0.039947,2.936250
0.051856,2.937000
0.074716,2.937750
0.056647,2.938500
0.066640,2.939250
0.064223,2.940000
0.065682,2.940750
0.055689,2.941500
0.041316,2.942250
0.057605,2.943000
0.056647,2.943750
0.045333,2.944500
0.062259,2.945250
0.081013,2.946000
0.071568,2.946750
0.053225,2.947500
0.076085,2.948250
0.072252,2.949000
0.068830,2.949750
0.057058,2.950500
0.066777,2.951250
0.074716,2.952000
0.073073,2.952750
0.082655,2.953500
0.067598,2.954250
0.072937,2.955000
0.052725,2.955750
0.074900,2.956500
0.058427,2.957250
0.063628,2.958000
0.055141,2.958750
0.068967,2.959500
0.059248,2.960250
0.044875,2.961000
0.065545,2.961750
0.085256,2.962500
0.050898,2.963250
0.045696,2.964000
0.060069,2.964750
0.067187,2.965500
0.042822,2.966250
0.075127,2.967000
0.065271,2.967750
0.052588,2.968500
0.042685,2.969250
0.059569,2.970000
0.067187,2.970750
0.050898,2.971500
0.071568,2.972250
0.066640,2.973000
0.062396,2.973750
0.060754,2.974500
0.049713,2.975250
0.076085,2.976000
0.049940,2.976750
0.058837,2.977500
0.067187,2.978250
0.072937,2.979000
0.071568,2.979750
0.070062,2.980500
0.070610,2.981250
0.057058,2.982000
0.067735,2.982750
0.067735,2.983500
0.053362,2.984250
0.040084,2.985000
0.059932,2.985750
0.057468,2.986500
0.054594,2.987250
0.049118,2.988000
0.069651,2.988750
0.065134,2.989500
0.052588,2.990250
0.055826,2.991000
0.061438,2.991750
0.051356,2.992500
0.066914,2.993250
0.065682,2.994000
0.071020,2.994750
0.077591,2.995500
0.060938,2.996250
0.062259,2.997000
0.043917,2.997750
0.070199,2.998500
0.046381,2.999250
0.078686,3.000000
0.065682,3.000750
0.060617,3.001500
0.064450,3.002250
0.062259,3.003000
0.048297,3.003750
0.038441,3.004500
0.068693,3.005250
0.063218,3.006000
0.041316,3.006750
0.045833,3.007500
0.078412,3.008250
0.044738,3.009000
0.069241,3.009750
0.067461,3.010500
0.072526,3.011250
0.077728,3.012000
0.058837,3.012750
0.050350,3.013500
0.081834,3.014250
0.057605,3.015000
0.061986,3.015750
0.072389,3.016500
0.057468,3.017250
0.054457,3.018000
0.078960,3.018750
0.081971,3.019500
0.057195,3.020250
0.048571,3.021000
0.062581,3.021750
0.045696,3.022500
0.042184,3.023250
0.053957,3.024000
0.069788,3.024750
0.076222,3.025500
0.063902,3.026250
0.084298,3.027000
0.063491,3.027750
0.053088,3.028500
0.058290,3.029250
0.065134,3.030000
0.061164,3.030750
0.055415,3.031500
0.061438,3.032250
0.064450,3.033000
0.059522,3.033750
0.067735,3.034500
0.067187,3.035250
0.064587,3.036000
0.058974,3.036750
0.069241,3.037500
0.058700,3.038250
0.058153,3.039000
0.066229,3.039750
0.057879,3.040500
0.080328,3.041250
0.042685,3.042000
0.060480,3.042750
0.058564,3.043500
0.052951,3.044250
0.064723,3.045000
0.057742,3.045750
0.053636,3.046500
0.066503,3.047250
0.057742,3.048000
0.060480,3.048750
0.057468,3.049500
0.053773,3.050250
0.063218,3.051000
0.049255,3.051750
0.038441,3.052500
0.044738,3.053250
0.048708,3.054000
0.071294,3.054750
0.058837,3.055500
0.059796,3.056250
0.052404,3.057000
0.051309,3.057750
0.066366,3.058500
0.062123,3.059250
0.081424,3.060000
0.065134,3.060750
0.055278,3.061500
0.086078,3.062250
0.057516,3.063000
0.066413,3.063750
0.056284,3.064500
0.075037,3.065250
0.062533,3.066000
0.042548,3.066750
0.073347,3.067500
0.056100,3.068250
0.061438,3.069000
0.040084,3.069750
0.052951,3.070500
0.051309,3.071250
0.059385,3.072000
0.060891,3.072750
0.065408,3.073500
0.046107,3.074250
0.051309,3.075000
0.067050,3.075750
0.057195,3.076500
0.042321,3.077250
0.051172,3.078000
0.068009,3.078750
0.060343,3.079500
0.040768,3.080250
0.068146,3.081000
0.048708,3.081750
0.057516,3.082500
0.059432,3.083250
0.060206,3.084000
0.052404,3.084750
0.048618,3.085500
0.077864,3.086250
0.062259,3.087000
0.072252,3.087750
0.044327,3.088500
0.050214,3.089250
0.053225,3.090000
0.042732,3.090750
0.041226,3.091500
0.061575,3.092250
0.054230,3.093000
0.048434,3.093750
0.051856,3.094500
0.041316,3.095250
0.052267,3.096000
0.053225,3.096750
0.058974,3.097500
0.062717,3.098250
0.061849,3.099000
0.048160,3.099750
0.078823,3.100500
0.053636,3.101250
0.055141,3.102000
0.048023,3.102750
0.059569,3.103500
0.070610,3.104250
0.067872,3.105000
0.073758,3.105750
0.070336,3.106500
0.073347,3.107250
0.061164,3.108000
0.076359,3.108750
0.059248,3.109500
0.065271,3.110250
0.071294,3.111000
0.070610,3.111750
0.064587,3.112500
0.045696,3.113250
0.054046,3.114000
0.054641,3.114750
0.068009,3.115500
0.048571,3.116250
0.068056,3.117000
0.048481,3.117750
0.052130,3.118500
0.068967,3.119250
0.053499,3.120000
0.060206,3.120750
0.042959,3.121500
0.057516,3.122250
0.068830,3.123000
0.064723,3.123750
0.041316,3.124500
0.076906,3.125250
0.049529,3.126000
0.060480,3.126750
0.065545,3.127500
0.048023,3.128250
0.043506,3.129000
0.054641,3.129750
0.058427,3.130500
0.054457,3.131250
0.048708,3.132000
0.061986,3.132750
0.060891,3.133500
0.055552,3.134250
0.053909,3.135000
0.068693,3.135750
0.043780,3.136500
0.060891,3.137250
0.056100,3.138000
0.062123,3.138750
0.056921,3.139500
0.065271,3.140250
0.049850,3.141000
0.062396,3.141750
0.055415,3.142500
0.049529,3.143250
0.054731,3.144000
0.053362,3.144750
0.056921,3.145500
0.068693,3.146250
0.049803,3.147000
0.069241,3.147750
0.049118,3.148500
0.066366,3.149250
0.052951,3.150000
0.050214,3.150750
0.069104,3.151500
0.046791,3.152250
0.060617,3.153000
0.042685,3.153750
0.061027,3.154500
0.062670,3.155250
0.056236,3.156000
0.055141,3.156750
0.054183,3.157500
0.051035,3.158250
0.056373,3.159000
0.064634,3.159750
0.062533,3.160500
0.050624,3.161250
0.050487,3.162000
0.057242,3.162750
0.047339,3.163500
0.046244,3.164250
0.057332,3.165000
0.055826,3.165750
0.078138,3.166500
0.062670,3.167250
0.062670,3.168000
0.078549,3.168750
0.049803,3.169500
0.044191,3.170250
0.053499,3.171000
0.048845,3.171750
0.044738,3.172500
0.053088,3.173250
0.070199,3.174000
0.060617,3.174750
0.059111,3.175500
0.067324,3.176250
0.064450,3.177000
0.045970,3.177750
0.042000,3.178500
0.056421,3.179250
0.043232,3.180000
0.057605,3.180750
0.060480,3.181500
0.060754,3.182250
0.045833,3.183000
0.057605,3.183750
0.082929,3.184500
0.059659,3.185250
0.041637,3.186000
0.049576,3.186750
0.050214,3.187500
0.043917,3.188250
0.053499,3.189000
0.061212,3.189750
0.075995,3.190500
0.070746,3.191250
0.069651,3.192000
0.063081,3.192750
0.059248,3.193500
0.046839,3.194250
0.059932,3.195000
0.054731,3.195750
0.043369,3.196500
0.057195,3.197250
0.056647,3.198000
0.055826,3.198750
0.055005,3.199500
0.053909,3.200250
0.069651,3.201000
0.052130,3.201750
0.048708,3.202500
0.044464,3.203250
0.062123,3.204000
0.078275,3.204750
0.064176,3.205500
0.058974,3.206250
0.060754,3.207000
0.042548,3.207750
0.052040,3.208500
0.053499,3.209250
0.050214,3.210000
0.043643,3.210750
0.054868,3.211500
0.050077,3.212250
0.046654,3.213000
0.051445,3.213750
0.062396,3.214500
0.046928,3.215250
0.059111,3.216000
0.055278,3.216750
0.075537,3.217500
0.049666,3.218250
0.041863,3.219000
0.057332,3.219750
0.069925,3.220500
0.038031,3.221250
0.064039,3.222000
0.076359,3.222750
0.062259,3.223500
0.041042,3.224250
0.054230,3.225000
0.072937,3.225750
0.061986,3.226500
0.055415,3.227250
0.065134,3.228000
0.052814,3.228750
0.044875,3.229500
0.053362,3.230250
0.040495,3.231000
0.045149,3.231750
0.043780,3.232500
0.051993,3.233250
0.042137,3.234000
0.045286,3.234750
0.049850,3.235500
0.056373,3.236250
0.049029,3.237000
0.051719,3.237750
0.069788,3.238500
0.055005,3.239250
0.058427,3.240000
0.033377,3.240750
0.086351,3.241500
0.060480,3.242250
0.047476,3.243000
0.057879,3.243750
0.053499,3.244500
0.058564,3.245250
0.055141,3.246000
0.057789,3.246750
0.059248,3.247500
0.040631,3.248250
0.052951,3.249000
0.074990,3.249750
0.042274,3.250500
0.038031,3.251250
0.067598,3.252000
0.052814,3.252750
0.063081,3.253500
0.038989,3.254250
0.077180,3.255000
0.055826,3.255750
0.048708,3.256500
0.055141,3.257250
0.082245,3.258000
0.056236,3.258750
0.046791,3.259500
0.072252,3.260250
0.054320,3.261000
0.060480,3.261750
0.059295,3.262500
0.056647,3.263250
0.053088,3.264000
0.048708,3.264750
0.045696,3.265500
0.057605,3.266250
0.049803,3.267000
0.035977,3.267750
0.052267,3.268500
0.049303,3.269250
0.060343,3.270000
0.054731,3.270750
0.056558,3.271500
0.061301,3.272250
0.051993,3.273000
0.050761,3.273750
0.069651,3.274500
0.044101,3.275250
0.055415,3.276000
0.076496,3.276750
0.049029,3.277500
0.053636,3.278250
0.050214,3.279000
0.069014,3.279750
0.050898,3.280500
0.043780,3.281250
0.052404,3.282000
0.072115,3.282750
0.032829,3.283500
0.045833,3.284250
0.054731,3.285000
0.058474,3.285750
0.055141,3.286500
0.054594,3.287250
0.049439,3.288000
0.050487,3.288750
0.043827,3.289500
0.053225,3.290250
0.048845,3.291000
0.055415,3.291750
0.059248,3.292500
0.055415,3.293250
0.036936,3.294000
0.048160,3.294750
0.044601,3.295500
0.058611,3.296250
0.044191,3.297000
0.049118,3.297750
0.061164,3.298500
0.048297,3.299250
0.057468,3.300000
0.048160,3.300750
0.080465,3.301500
0.047476,3.302250
0.044875,3.303000
0.050077,3.303750
0.065545,3.304500
0.047202,3.305250
0.042822,3.306000
0.059796,3.306750
0.067735,3.307500
0.048845,3.308250
0.064723,3.309000
0.040495,3.309750
0.048023,3.310500
0.063355,3.311250
0.057742,3.312000
0.045696,3.312750
0.044327,3.313500
0.058974,3.314250
0.038304,3.315000
0.072663,3.315750
0.054868,3.316500
0.059111,3.317250
0.058016,3.318000
0.044464,3.318750
0.042548,3.319500
0.063128,3.320250
0.068556,3.321000
0.054320,3.321750
0.052541,3.322500
0.073484,3.323250
0.058063,3.324000
0.039400,3.324750
0.043369,3.325500
0.042548,3.326250
0.039263,3.327000
0.049713,3.327750
0.060206,3.328500
0.064039,3.329250
0.062533,3.330000
0.047797,3.330750
0.064450,3.331500
0.054731,3.332250
0.044738,3.333000
0.048571,3.333750
0.061301,3.334500
0.058700,3.335250
0.043643,3.336000
0.056100,3.336750
0.048618,3.337500
0.041863,3.338250
0.046654,3.339000
0.056421,3.339750
0.049529,3.340500
0.045744,3.341250
0.053773,3.342000
0.059522,3.342750
0.060069,3.343500
0.056100,3.344250
0.062944,3.345000
0.047613,3.345750
0.037804,3.346500
0.066366,3.347250
0.067187,3.348000
0.045559,3.348750
0.064450,3.349500
0.060754,3.350250
0.062396,3.351000
0.044738,3.351750
0.057332,3.352500
0.058063,3.353250
0.070199,3.354000
0.049392,3.354750
0.056373,3.355500
0.060754,3.356250
0.054320,3.357000
0.051856,3.357750
0.052814,3.358500
0.051719,3.359250
0.048708,3.360000
0.063081,3.360750
0.067872,3.361500
0.042411,3.362250
0.068556,3.363000
0.082245,3.363750
0.056100,3.364500
0.038168,3.365250
0.055141,3.366000
0.055189,3.366750
0.048755,3.367500
0.046518,3.368250
0.061164,3.369000
0.062807,3.369750
0.038762,3.370500
0.050077,3.371250
0.060069,3.372000
0.049713,3.372750
0.041316,3.373500
0.059248,3.374250
0.058016,3.375000
0.061438,3.375750
0.051993,3.376500
0.072526,3.377250
0.048434,3.378000
0.060617,3.378750
0.045696,3.379500
0.050624,3.380250
0.044327,3.381000
0.042274,3.381750
0.043506,3.382500
0.048708,3.383250
0.067324,3.384000
0.039126,3.384750
0.062259,3.385500
0.052814,3.386250
0.045559,3.387000
0.053088,3.387750
0.037120,3.388500
0.074990,3.389250
0.033240,3.390000
0.038989,3.390750
0.047886,3.391500
0.055826,3.392250
0.045970,3.393000
0.050077,3.393750
0.068009,3.394500
0.039673,3.395250
0.043416,3.396000
0.054320,3.396750
0.061301,3.397500
0.038215,3.398250
0.062944,3.399000
0.070062,3.399750
0.045833,3.400500
0.060617,3.401250
0.060891,3.402000
0.062807,3.402750
0.064450,3.403500
0.045286,3.404250
0.059248,3.405000
0.047886,3.405750
0.049803,3.406500
0.071431,3.407250
0.069651,3.408000
0.045559,3.408750
0.060617,3.409500
0.058564,3.410250
0.041637,3.411000
0.051993,3.411750
0.052677,3.412500
0.063218,3.413250
0.045833,3.414000
0.038762,3.414750
0.036662,3.415500
0.042959,3.416250
0.043917,3.417000
0.053909,3.417750
0.050624,3.418500
0.062533,3.419250
0.047750,3.420000
0.051582,3.420750
0.050898,3.421500
0.045970,3.422250
0.058016,3.423000
0.071431,3.423750
0.068556,3.424500
0.050350,3.425250
0.052267,3.426000
0.041042,3.426750
0.054046,3.427500
0.058564,3.428250
0.065955,3.429000
0.061438,3.429750
0.051309,3.430500
0.048023,3.431250
0.047476,3.432000
0.066914,3.432750
0.040495,3.433500
0.037804,3.434250
0.041863,3.435000
0.046381,3.435750
0.052677,3.436500
0.068967,3.437250
0.058427,3.438000
0.039947,3.438750
0.053909,3.439500
0.052130,3.440250
0.051172,3.441000
0.048481,3.441750
0.053636,3.442500
0.052267,3.443250
0.051719,3.444000
0.040495,3.444750
0.039947,3.445500
0.065682,3.446250
0.047613,3.447000
0.076632,3.447750
0.055415,3.448500
0.045880,3.449250
0.044464,3.450000
0.045470,3.450750
0.036251,3.451500
0.049940,3.452250
0.042685,3.453000
0.067050,3.453750
0.062944,3.454500
0.056510,3.455250
0.069378,3.456000
0.061986,3.456750
0.043964,3.457500
0.072937,3.458250
0.061301,3.459000
0.056647,3.459750
0.050350,3.460500
0.042274,3.461250
0.049255,3.462000
0.051856,3.462750
0.048892,3.463500
0.051445,3.464250
0.077180,3.465000
0.068556,3.465750
0.058016,3.466500
0.054594,3.467250
0.049940,3.468000
0.045559,3.468750
0.056236,3.469500
0.037620,3.470250
0.071020,3.471000
0.059522,3.471750
0.062533,3.472500
0.042274,3.473250
0.050214,3.474000
0.061301,3.474750
0.066550,3.475500
0.034882,3.476250
0.040768,3.477000
0.049666,3.477750
0.049666,3.478500
0.033787,3.479250
0.070336,3.480000
0.062259,3.480750
0.076632,3.481500
0.057879,3.482250
0.041500,3.483000
0.058974,3.483750
0.057332,3.484500
0.046518,3.485250
0.061027,3.486000
0.056647,3.486750
0.042411,3.487500
0.056236,3.488250
0.051035,3.489000
0.042137,3.489750
0.055826,3.490500
0.059659,3.491250
0.053135,3.492000
0.041774,3.492750
0.057332,3.493500
0.055005,3.494250
0.047750,3.495000
0.043917,3.495750
0.045149,3.496500
0.070062,3.497250
0.043964,3.498000
0.044875,3.498750
0.052267,3.499500
0.043095,3.500250
0.049666,3.501000
0.067324,3.501750
0.051309,3.502500
0.069925,3.503250
0.045833,3.504000
0.054230,3.504750
0.044191,3.505500
0.054320,3.506250
0.047339,3.507000
0.049803,3.507750
0.042685,3.508500
0.040084,3.509250
0.067735,3.510000
0.043917,3.510750
0.038168,3.511500
0.041727,3.512250
0.048571,3.513000
0.053636,3.513750
0.063081,3.514500
0.061164,3.515250
0.059796,3.516000
0.051035,3.516750
0.044601,3.517500
0.051856,3.518250
0.050077,3.519000
0.045833,3.519750
0.051445,3.520500
0.053362,3.521250
0.056510,3.522000
0.044054,3.522750
0.050898,3.523500
0.058016,3.524250
0.047750,3.525000
0.047476,3.525750
0.078549,3.526500
0.050350,3.527250
0.053499,3.528000
0.072800,3.528750
0.067872,3.529500
0.050898,3.530250
0.054320,3.531000
0.046928,3.531750
0.065134,3.532500
0.045696,3.533250
0.060891,3.534000
0.071294,3.534750
0.039721,3.535500
0.048708,3.536250
0.065271,3.537000
0.082929,3.537750
0.048571,3.538500
0.051082,3.539250
0.053088,3.540000
0.064450,3.540750
0.042959,3.541500
0.043643,3.542250
0.041316,3.543000
0.076359,3.543750
0.068556,3.544500
0.068967,3.545250
0.060069,3.546000
0.043232,3.546750
0.048845,3.547500
0.042411,3.548250
0.051856,3.549000
0.038852,3.549750
0.061575,3.550500
0.061027,3.551250
0.045696,3.552000
0.061712,3.552750
0.073758,3.553500
0.053909,3.554250
0.046791,3.555000
0.045423,3.555750
0.077043,3.556500
0.039263,3.557250
0.058153,3.558000
0.050350,3.558750
0.036662,3.559500
0.056100,3.560250
0.043095,3.561000
0.043553,3.561750
0.058290,3.562500
0.043553,3.563250
0.050214,3.564000
0.056968,3.564750
0.045423,3.565500
0.043643,3.566250
0.049029,3.567000
0.059385,3.567750
0.072252,3.568500
0.056647,3.569250
0.052267,3.570000
0.054046,3.570750
0.041226,3.571500
0.079918,3.572250
0.065955,3.573000
0.042137,3.573750
0.039673,3.574500
0.041453,3.575250
0.051903,3.576000
0.046291,3.576750
0.057332,3.577500
0.059248,3.578250
0.048892,3.579000
0.038304,3.579750
0.058427,3.580500
0.067324,3.581250
0.048434,3.582000
0.045012,3.582750
0.053909,3.583500
0.056373,3.584250
0.047339,3.585000
0.061986,3.585750
0.049392,3.586500
0.048160,3.587250
0.046928,3.588000
0.074032,3.588750
0.072800,3.589500
0.047886,3.590250
0.054868,3.591000
0.048892,3.591750
0.051856,3.592500
0.053636,3.593250
0.047476,3.594000
0.056100,3.594750
0.061164,3.595500
0.051309,3.596250
0.064997,3.597000
0.038852,3.597750
0.044054,3.598500
0.053773,3.599250
0.055736,3.600000
0.057742,3.600750
0.041226,3.601500
0.048845,3.602250
0.062807,3.603000
0.033150,3.603750
0.039126,3.604500
0.048571,3.605250
0.037072,3.606000
0.051309,3.606750
0.068830,3.607500
0.047339,3.608250
0.054457,3.609000
0.052404,3.609750
0.055963,3.610500
0.071157,3.611250
0.038489,3.612000
0.054915,3.612750
0.069514,3.613500
0.037620,3.614250
0.049166,3.615000
0.075537,3.615750
0.059843,3.616500
0.047750,3.617250
0.054868,3.618000
0.043964,3.618750
0.038304,3.619500
0.040495,3.620250
0.041453,3.621000
0.047886,3.621750
0.040542,3.622500
0.043506,3.623250
0.044922,3.624000
0.055552,3.624750
0.050761,3.625500
0.052451,3.626250
0.050214,3.627000
0.047339,3.627750
0.044464,3.628500
0.050350,3.629250
0.052404,3.630000
0.064039,3.630750
0.061849,3.631500
0.053362,3.632250
0.047112,3.633000
0.050214,3.633750
0.043232,3.634500
0.073347,3.635250
0.048297,3.636000
0.042274,3.636750
0.049392,3.637500
0.058974,3.638250
0.063765,3.639000
0.043143,3.639750
0.064860,3.640500
0.053957,3.641250
0.045833,3.642000
0.058200,3.642750
0.048892,3.643500
0.050898,3.644250
0.038852,3.645000
0.045423,3.645750
0.068967,3.646500
0.043369,3.647250
0.050350,3.648000
0.067735,3.648750
0.064313,3.649500
0.046107,3.650250
0.061027,3.651000
0.048297,3.651750
0.055552,3.652500
0.049529,3.653250
0.044327,3.654000
0.043369,3.654750
0.041316,3.655500
0.070062,3.656250
0.056236,3.657000
0.039673,3.657750
0.045149,3.658500
0.059932,3.659250
0.064450,3.660000
0.049255,3.660750
0.049255,3.661500
0.054594,3.662250
0.055141,3.663000
0.055689,3.663750
0.044375,3.664500
0.045880,3.665250
0.049666,3.666000
0.046654,3.666750
0.051309,3.667500
0.071431,3.668250
0.043232,3.669000
0.053499,3.669750
0.070336,3.670500
0.060480,3.671250
0.052862,3.672000
0.058427,3.672750
0.054868,3.673500
0.054183,3.674250
0.040495,3.675000
0.059659,3.675750
0.048434,3.676500
0.055005,3.677250
0.051856,3.678000
0.063902,3.678750
0.051856,3.679500
0.048708,3.680250
0.052130,3.681000
0.045696,3.681750
0.046381,3.682500
0.066366,3.683250
0.050214,3.684000
0.049118,3.684750
0.068009,3.685500
0.050535,3.686250
0.055689,3.687000
0.052814,3.687750
0.042822,3.688500
0.051856,3.689250
0.057058,3.690000
0.051445,3.690750
0.077501,3.691500
0.059248,3.692250
0.041774,3.693000
0.052267,3.693750
0.072526,3.694500
0.057195,3.695250
0.041316,3.696000
0.048434,3.696750
0.074305,3.697500
0.056968,3.698250
0.040084,3.699000
0.049255,3.699750
0.058564,3.700500
0.048845,3.701250
0.050487,3.702000
0.052130,3.702750
0.039673,3.703500
0.043506,3.704250
0.055278,3.705000
0.048297,3.705750
0.041863,3.706500
0.045149,3.707250
0.051993,3.708000
0.052677,3.708750
0.057332,3.709500
0.051035,3.710250
0.065545,3.711000
0.048571,3.711750
0.050077,3.712500
0.040405,3.713250
0.062944,3.714000
0.038441,3.714750
0.042137,3.715500
0.044375,3.716250
0.044327,3.717000
0.057195,3.717750
0.040131,3.718500
0.047886,3.719250
0.042000,3.720000
0.052267,3.720750
0.048845,3.721500
0.048434,3.722250
0.051719,3.723000
0.051993,3.723750
0.061438,3.724500
0.055141,3.725250
0.059248,3.726000
0.049803,3.726750
0.055689,3.727500
0.043690,3.728250
0.047886,3.729000
0.053225,3.729750
0.064176,3.730500
0.041590,3.731250
0.047339,3.732000
0.053225,3.732750
0.043232,3.733500
0.051035,3.734250
0.032145,3.735000
0.069788,3.735750
0.048982,3.736500
0.057058,3.737250
0.058974,3.738000
0.057195,3.738750
0.041042,3.739500
0.056647,3.740250
0.066777,3.741000
0.049803,3.741750
0.063628,3.742500
0.061164,3.743250
0.052814,3.744000
0.063218,3.744750
0.044738,3.745500
0.065181,3.746250
0.039263,3.747000
0.041727,3.747750
0.040084,3.748500
0.038715,3.749250
0.074442,3.750000
0.041453,3.750750
1.306553,3.751500
1.306553,3.752250
0.043780,3.753000
0.043232,3.753750
0.034882,3.754500
0.048571,3.755250
0.047339,3.756000
0.056510,3.756750
0.056647,3.757500
0.059522,3.758250
0.038031,3.759000
0.039536,3.759750
0.052541,3.760500
0.044875,3.761250
0.038852,3.762000
0.036709,3.762750
0.038441,3.763500
0.048023,3.764250
0.041042,3.765000
0.051035,3.765750
0.045970,3.766500
0.054183,3.767250
0.037620,3.768000
0.048845,3.768750
0.040221,3.769500
0.042000,3.770250
0.046518,3.771000
0.051309,3.771750
0.046381,3.772500
0.040221,3.773250
0.037667,3.774000
0.041453,3.774750
0.053225,3.775500
0.036251,3.776250
0.049529,3.777000
0.060754,3.777750
0.048982,3.778500
0.045833,3.779250
0.042000,3.780000
0.043232,3.780750
0.054457,3.781500
0.051856,3.782250
0.046428,3.783000
0.047886,3.783750
0.045559,3.784500
0.058016,3.785250
0.034472,3.786000
0.037209,3.786750
0.053225,3.787500
0.035019,3.788250
0.039673,3.789000
0.045149,3.789750
0.052130,3.790500
0.047476,3.791250
0.043964,3.792000
0.056373,3.792750
0.050624,3.793500
0.041316,3.794250
0.048571,3.795000
0.041316,3.795750
0.042548,3.796500
0.043780,3.797250
0.042274,3.798000
0.049255,3.798750
0.031234,3.799500
0.048708,3.800250
0.034745,3.801000
0.048708,3.801750
0.064497,3.802500
0.039994,3.803250
0.046702,3.804000
0.039810,3.804750
0.036525,3.805500
0.046381,3.806250
0.040221,3.807000
0.045970,3.807750
0.042274,3.808500
0.037757,3.809250
0.036983,3.810000
0.056100,3.810750
0.044191,3.811500
0.046381,3.812250
0.046654,3.813000
0.043095,3.813750
0.048434,3.814500
0.042959,3.815250
0.044327,3.816000
0.044191,3.816750
0.042959,3.817500
0.044327,3.818250
0.051582,3.819000
0.038168,3.819750
0.049940,3.820500
0.041316,3.821250
0.053636,3.822000
0.056647,3.822750
0.056647,3.823500
0.045149,3.824250
0.046381,3.825000
0.056784,3.825750
0.055415,3.826500
0.034930,3.827250
0.047613,3.828000
0.040768,3.828750
0.035888,3.829500
0.044054,3.830250
0.033513,3.831000
0.043643,3.831750
0.051993,3.832500
0.043780,3.833250
0.050761,3.834000
0.034609,3.834750
0.043095,3.835500
0.049666,3.836250
0.053773,3.837000
0.041590,3.837750
0.040679,3.838500
0.056510,3.839250
0.048297,3.840000
0.046928,3.840750
0.045012,3.841500
0.052677,3.842250
0.046928,3.843000
0.037072,3.843750
0.049803,3.844500
0.045559,3.845250
0.040816,3.846000
0.043280,3.846750
0.043917,3.847500
0.041453,3.848250
0.039673,3.849000
0.037120,3.849750
0.047476,3.850500
0.053088,3.851250
0.055005,3.852000
0.054731,3.852750
0.035888,3.853500
0.051719,3.854250
0.049940,3.855000
0.042000,3.855750
0.051172,3.856500
0.046518,3.857250
0.043506,3.858000
0.048571,3.858750
0.046381,3.859500
0.044054,3.860250
0.041316,3.861000
0.047339,3.861750
0.048982,3.862500
0.055552,3.863250
0.048297,3.864000
0.051445,3.864750
0.040631,3.865500
0.031644,3.866250
0.054594,3.867000
0.043095,3.867750
0.043506,3.868500
0.051172,3.869250
0.045696,3.870000
0.052404,3.870750
0.052814,3.871500
0.045559,3.872250
0.047613,3.873000
0.053636,3.873750
0.042822,3.874500
0.043095,3.875250
0.044327,3.876000
0.051582,3.876750
0.048982,3.877500
0.040905,3.878250
0.061575,3.879000
0.041453,3.879750
0.039263,3.880500
0.045423,3.881250
0.044054,3.882000
0.042548,3.882750
0.037620,3.883500
0.050898,3.884250
0.043095,3.885000
0.042411,3.885750
0.042685,3.886500
0.049803,3.887250
0.042411,3.888000
0.055278,3.888750
0.048845,3.889500
0.041042,3.890250
0.036799,3.891000
0.045696,3.891750
0.041042,3.892500
0.045423,3.893250
0.039810,3.894000
0.040768,3.894750
0.051309,3.895500
0.054046,3.896250
0.056647,3.897000
0.042000,3.897750
0.046839,3.898500
0.042959,3.899250
0.041863,3.900000
0.037483,3.900750
0.048571,3.901500
0.046791,3.902250
0.038852,3.903000
0.035019,3.903750
0.049803,3.904500
0.041863,3.905250
0.049666,3.906000
0.043553,3.906750
0.039173,3.907500
0.044464,3.908250
0.041727,3.909000
0.053499,3.909750
0.035704,3.910500
0.046107,3.911250
0.046518,3.912000
0.036662,3.912750
0.051445,3.913500
0.050898,3.914250
0.037209,3.915000
0.043369,3.915750
0.043964,3.916500
0.047202,3.917250
0.039673,3.918000
0.037257,3.918750
0.051856,3.919500
0.036114,3.920250
0.048297,3.921000
0.042000,3.921750
0.042274,3.922500
0.068146,3.923250
0.050898,3.924000
0.038625,3.924750
0.045559,3.925500
0.044191,3.926250
0.037620,3.927000
0.041179,3.927750
0.053499,3.928500
0.050761,3.929250
0.042685,3.930000
0.045470,3.930750
0.045423,3.931500
0.042274,3.932250
0.050898,3.933000
0.048071,3.933750
0.046791,3.934500
0.042685,3.935250
0.036388,3.936000
0.042137,3.936750
0.048297,3.937500
0.048434,3.938250
0.040631,3.939000
0.055141,3.939750
0.050398,3.940500
0.036025,3.941250
0.043369,3.942000
0.048297,3.942750
0.048434,3.943500
0.049392,3.944250
0.037620,3.945000
0.032692,3.945750
0.040905,3.946500
0.039263,3.947250
0.038304,3.948000
0.040221,3.948750
0.038715,3.949500
0.050624,3.950250
0.046107,3.951000
0.043369,3.951750
0.042137,3.952500
0.048434,3.953250
0.043827,3.954000
0.035977,3.954750
0.048434,3.955500
0.044327,3.956250
0.048708,3.957000
0.051309,3.957750
0.045286,3.958500
0.053499,3.959250
0.041727,3.960000
0.047339,3.960750
0.055326,3.961500
0.039400,3.962250
0.047065,3.963000
0.041179,3.963750
0.040905,3.964500
0.045970,3.965250
0.044191,3.966000
0.037483,3.966750
0.038441,3.967500
0.044191,3.968250
0.056921,3.969000
0.040495,3.969750
0.045696,3.970500
0.055963,3.971250
0.038899,3.972000
0.049713,3.972750
0.046654,3.973500
0.042822,3.974250
0.042000,3.975000
0.049850,3.975750
0.051172,3.976500
0.054183,3.977250
0.044738,3.978000
0.039536,3.978750
0.050761,3.979500
0.050214,3.980250
0.045149,3.981000
0.042411,3.981750
0.040631,3.982500
0.039810,3.983250
0.045149,3.984000
0.048892,3.984750
0.043643,3.985500
0.052541,3.986250
0.046518,3.987000
0.049529,3.987750
0.051219,3.988500
0.040495,3.989250
0.045833,3.990000
0.041727,3.990750
0.045833,3.991500
0.032876,3.992250
0.038168,3.993000
0.057468,3.993750
0.049529,3.994500
0.049713,3.995250
0.039536,3.996000
0.051172,3.996750
0.037530,3.997500
0.037209,3.998250
0.048845,3.999000
0.048297,3.999750
0.043917,4.000500
0.040816,4.001250
0.033834,4.002000
0.049529,4.002750
0.047613,4.003500
0.050350,4.004250
0.048023,4.005000
0.038715,4.005750
0.052951,4.006500
0.051856,4.007250
0.043506,4.008000
0.041911,4.008750
0.035567,4.009500
0.047065,4.010250
0.041179,4.011000
0.045286,4.011750
0.045970,4.012500
0.037483,4.013250
0.053546,4.014000
0.040905,4.014750
0.048434,4.015500
0.041727,4.016250
0.040905,4.017000
0.041042,4.017750
0.046791,4.018500
0.044922,4.019250
0.055141,4.020000
0.053773,4.020750
0.036936,4.021500
0.047386,4.022250
0.037209,4.023000
0.042822,4.023750
0.044922,4.024500
0.041590,4.025250
0.046518,4.026000
0.043232,4.026750
0.040358,4.027500
0.046518,4.028250
0.051445,4.029000
0.048160,4.029750
0.044191,4.030500
0.050761,4.031250
0.058427,4.032000
0.040358,4.032750
0.051172,4.033500
0.039536,4.034250
0.056100,4.035000
0.038989,4.035750
0.039536,4.036500
0.050487,4.037250
0.046107,4.038000
0.046107,4.038750
0.042321,4.039500
0.036799,4.040250
0.044601,4.041000
0.038304,4.041750
0.045149,4.042500
0.060617,4.043250
0.041179,4.044000
0.047476,4.044750
0.057332,4.045500
0.046244,4.046250
0.051309,4.047000
0.041911,4.047750
0.038715,4.048500
0.044327,4.049250
0.051856,4.050000
0.046518,4.050750
0.042959,4.051500
0.037346,4.052250
0.046381,4.053000
0.047386,4.053750
0.045559,4.054500
0.045970,4.055250
0.054046,4.056000
0.042137,4.056750
0.041590,4.057500
0.045333,4.058250
0.046654,4.059000
0.036114,4.059750
0.037530,4.060500
0.047613,4.061250
0.031871,4.062000
0.046107,4.062750
0.037941,4.063500
0.054046,4.064250
0.038989,4.065000
0.043506,4.065750
0.043643,4.066500
0.051309,4.067250
0.038578,4.068000
0.059111,4.068750
0.040631,4.069500
0.038989,4.070250
0.040084,4.071000
0.045696,4.071750
0.043232,4.072500
0.042184,4.073250
0.046928,4.074000
0.045012,4.074750
0.048845,4.075500
0.038031,4.076250
0.041042,4.077000
0.050214,4.077750
0.040358,4.078500
0.044054,4.079250
0.053683,4.080000
0.051719,4.080750
0.041727,4.081500
0.045012,4.082250
0.040905,4.083000
0.050350,4.083750
0.050214,4.084500
0.045286,4.085250
0.037346,4.086000
0.037894,4.086750
0.049940,4.087500
0.035019,4.088250
0.048297,4.089000
0.048160,4.089750
0.054183,4.090500
0.054457,4.091250
0.038168,4.092000
0.048023,4.092750
0.034882,4.093500
0.037072,4.094250
0.033513,4.095000
0.042137,4.095750
0.042685,4.096500
0.044738,4.097250
0.038441,4.098000
0.045423,4.098750
0.054183,4.099500
0.045970,4.100250
0.051719,4.101000
0.050898,4.101750
0.045970,4.102500
0.046381,4.103250
0.036799,4.104000
0.059248,4.104750
0.050350,4.105500
0.048023,4.106250
0.047886,4.107000
0.048023,4.107750
0.053636,4.108500
0.044464,4.109250
0.037209,4.110000
0.054183,4.110750
0.051993,4.111500
0.044191,4.112250
0.051445,4.113000
0.049940,4.113750
0.034108,4.114500
0.040768,4.115250
0.045559,4.116000
0.044464,4.116750
0.052130,4.117500
0.048982,4.118250
0.047886,4.119000
0.046518,4.119750
0.047339,4.120500
0.045696,4.121250
0.080465,4.122000
0.048982,4.122750
0.049118,4.123500
0.042137,4.124250
0.045833,4.125000
0.060480,4.125750
0.057879,4.126500
0.046839,4.127250
0.050214,4.128000
0.043095,4.128750
0.043506,4.129500
0.052130,4.130250
0.043780,4.131000
0.047613,4.131750
0.045559,4.132500
0.044327,4.133250
0.045744,4.134000
0.043369,4.134750
0.042137,4.135500
0.036388,4.136250
0.043643,4.137000
0.032418,4.137750
0.037257,4.138500
0.054183,4.139250
0.052541,4.140000
0.056373,4.140750
0.035840,4.141500
0.045559,4.142250
0.043232,4.143000
0.034882,4.143750
0.040084,4.144500
0.046791,4.145250
0.038852,4.146000
0.044464,4.146750
0.042137,4.147500
0.049803,4.148250
0.040084,4.149000
0.043095,4.149750
0.056100,4.150500
0.041727,4.151250
0.048160,4.152000
0.037757,4.152750
0.062396,4.153500
0.032418,4.154250
0.047112,4.155000
0.042548,4.155750
0.040631,4.156500
0.042959,4.157250
0.040495,4.158000
0.049255,4.158750
0.044601,4.159500
0.037483,4.160250
0.050898,4.161000
0.036846,4.161750
0.038715,4.162500
0.041453,4.163250
0.045423,4.164000
0.038852,4.164750
0.047750,4.165500
0.041863,4.166250
0.041042,4.167000
0.035567,4.167750
0.049529,4.168500
0.045833,4.169250
0.056921,4.170000
0.037620,4.170750
0.029544,4.171500
0.036114,4.172250
0.051172,4.173000
0.038304,4.173750
0.046244,4.174500
0.046244,4.175250
0.038852,4.176000
0.059932,4.176750
0.049255,4.177500
0.043232,4.178250
0.043643,4.179000
0.042685,4.179750
0.064587,4.180500
0.041316,4.181250
0.047750,4.182000
0.036572,4.182750
0.043369,4.183500
0.048982,4.184250
0.041863,4.185000
0.052130,4.185750
0.048023,4.186500
0.045696,4.187250
0.042959,4.188000
0.033150,4.188750
0.038168,4.189500
0.042869,4.190250
0.048023,4.191000
0.044191,4.191750
0.044875,4.192500
0.044601,4.193250
0.052404,4.194000
0.049255,4.194750
0.046702,4.195500
0.032829,4.196250
0.035430,4.197000
0.054320,4.197750
0.032008,4.198500
0.049392,4.199250
0.035977,4.200000
0.049940,4.200750
0.043643,4.201500
0.049118,4.202250
0.047202,4.203000
0.046244,4.203750
0.039263,4.204500
0.048297,4.205250
0.036525,4.206000
0.050898,4.206750
0.056784,4.207500
0.055826,4.208250
0.038441,4.209000
0.037209,4.209750
0.041226,4.210500
0.045970,4.211250
0.042137,4.212000
0.054046,4.212750
0.039263,4.213500
0.049118,4.214250
0.038352,4.215000
0.035840,4.215750
0.037209,4.216500
0.039400,4.217250
0.048571,4.218000
0.038989,4.218750
0.041863,4.219500
0.049940,4.220250
0.045286,4.221000
0.049255,4.221750
0.045149,4.222500
0.040542,4.223250
0.049529,4.224000
0.038852,4.224750
0.046654,4.225500
0.047886,4.226250
0.038762,4.227000
0.045970,4.227750
0.037209,4.228500
0.054183,4.229250
0.047065,4.230000
0.045423,4.230750
0.043506,4.231500
0.038578,4.232250
0.045286,4.233000
0.038304,4.233750
0.044054,4.234500
0.046154,4.235250
0.062807,4.236000
0.048023,4.236750
0.047065,4.237500
0.046791,4.238250
0.055462,4.239000
0.042959,4.239750
0.052541,4.240500
0.040358,4.241250
0.042732,4.242000
0.038989,4.242750
0.042732,4.243500
0.036662,4.244250
0.046791,4.245000
0.033924,4.245750
0.043917,4.246500
0.045559,4.247250
0.043917,4.248000
0.047202,4.248750
0.048297,4.249500
0.038168,4.250250
0.035019,4.251000
0.042548,4.251750
0.036799,4.252500
0.040905,4.253250
0.049392,4.254000
0.046107,4.254750
0.035156,4.255500
0.045696,4.256250
0.039263,4.257000
0.037894,4.257750
0.052267,4.258500
0.038304,4.259250
0.040768,4.260000
0.047476,4.260750
0.042411,4.261500
0.049803,4.262250
0.045970,4.263000
0.050350,4.263750
0.053088,4.264500
0.047065,4.265250
0.053088,4.266000
0.040084,4.266750
0.043964,4.267500
0.038715,4.268250
0.042274,4.269000
0.045012,4.269750
0.038441,4.270500
0.044327,4.271250
0.038215,4.272000
0.046654,4.272750
0.049940,4.273500
0.042000,4.274250
0.031871,4.275000
0.052267,4.275750
0.045833,4.276500
0.034882,4.277250
0.041590,4.278000
0.039536,4.278750
0.047339,4.279500
0.047613,4.280250
0.037072,4.281000
0.044327,4.281750
0.046791,4.282500
0.048434,4.283250
0.050350,4.284000
0.039721,4.284750
0.049529,4.285500
0.034061,4.286250
0.048571,4.287000
0.044601,4.287750
0.040905,4.288500
0.047886,4.289250
0.048434,4.290000
0.042274,4.290750
0.049118,4.291500
0.052130,4.292250
0.042548,4.293000
0.045286,4.293750
0.039810,4.294500
0.039810,4.295250
0.041727,4.296000
0.046107,4.296750
0.041727,4.297500
0.041042,4.298250
0.046791,4.299000
0.046518,4.299750
0.046791,4.300500
0.048207,4.301250
0.043369,4.302000
0.047065,4.302750
0.035430,4.303500
0.042137,4.304250
0.052951,4.305000
0.045149,4.305750
0.036435,4.306500
0.048023,4.307250
0.047339,4.308000
0.049118,4.308750
0.051035,4.309500
0.048160,4.310250
0.034061,4.311000
0.046107,4.311750
0.049529,4.312500
0.035840,4.313250
0.047476,4.314000
0.051719,4.314750
0.044785,4.315500
0.051630,4.316250
0.045559,4.317000
0.044875,4.317750
0.047202,4.318500
0.039947,4.319250
0.042137,4.320000
0.042274,4.320750
0.037393,4.321500
0.051172,4.322250
0.037346,4.323000
0.043369,4.323750
0.048023,4.324500
0.047339,4.325250
0.037257,4.326000
0.051309,4.326750
0.042685,4.327500
0.048160,4.328250
0.039673,4.329000
0.043369,4.329750
0.053636,4.330500
0.044327,4.331250
0.055689,4.332000
0.043780,4.332750
0.053499,4.333500
0.036799,4.334250
0.057468,4.335000
0.044464,4.335750
0.047065,4.336500
0.045423,4.337250
0.040495,4.338000
0.039263,4.338750
0.038031,4.339500
0.040084,4.340250
0.035977,4.341000
0.041179,4.341750
0.047613,4.342500
0.050945,4.343250
0.054731,4.344000
0.045149,4.344750
0.041042,4.345500
0.054183,4.346250
0.039673,4.347000
0.051445,4.347750
0.044464,4.348500
0.042411,4.349250
0.044191,4.350000
0.043780,4.350750
0.050535,4.351500
0.040131,4.352250
0.040221,4.353000
0.037620,4.353750
0.054457,4.354500
0.042685,4.355250
0.037072,4.356000
0.042685,4.356750
0.041179,4.357500
0.038852,4.358250
0.034656,4.359000
0.061438,4.359750
0.038304,4.360500
0.039400,4.361250
0.049529,4.362000
0.056558,4.362750
0.039673,4.363500
0.048297,4.364250
0.049166,4.365000
0.032876,4.365750
0.038989,4.366500
0.045833,4.367250
0.054731,4.368000
0.046928,4.368750
0.042685,4.369500
0.054457,4.370250
0.043506,4.371000
0.047339,4.371750
0.041774,4.372500
0.041727,4.373250
0.035977,4.374000
0.035156,4.374750
0.037757,4.375500
0.046791,4.376250
0.038578,4.377000
0.041363,4.377750
0.046381,4.378500
0.045012,4.379250
0.042000,4.380000
0.052404,4.380750
0.035019,4.381500
0.045286,4.382250
0.048023,4.383000
0.044601,4.383750
0.049666,4.384500
0.051172,4.385250
0.041863,4.386000
0.044327,4.386750
0.060754,4.387500
0.045423,4.388250
0.051856,4.389000
0.032966,4.389750
0.039947,4.390500
0.057742,4.391250
0.038852,4.392000
0.039536,4.392750
0.049666,4.393500
0.036298,4.394250
0.041453,4.395000
0.042274,4.395750
0.053225,4.396500
0.037072,4.397250
0.054183,4.398000
0.041316,4.398750
0.050350,4.399500
0.055005,4.400250
0.039947,4.401000
0.039536,4.401750
0.039947,4.402500
0.052725,4.403250
0.051035,4.404000
0.037209,4.404750
0.055005,4.405500
0.043643,4.406250
0.038304,4.407000
0.036114,4.407750
0.049118,4.408500
0.046928,4.409250
0.041453,4.410000
0.038989,4.410750
0.042137,4.411500
0.041863,4.412250
0.038441,4.413000
0.048160,4.413750
0.046107,4.414500
0.050214,4.415250
0.051856,4.416000
0.047613,4.416750
0.054868,4.417500
0.036936,4.418250
0.041042,4.419000
0.051856,4.419750
0.041316,4.420500
0.047797,4.421250
0.043506,4.422000
0.041316,4.422750
0.042274,4.423500
0.054731,4.424250
0.048982,4.425000
0.045833,4.425750
0.045970,4.426500
0.033240,4.427250
0.043095,4.428000
0.040495,4.428750
0.047797,4.429500
0.035840,4.430250
0.049255,4.431000
0.047065,4.431750
0.052404,4.432500
0.045012,4.433250
0.045286,4.434000
0.048845,4.434750
0.047386,4.435500
0.044375,4.436250
0.043095,4.437000
0.040495,4.437750
0.046107,4.438500
0.042000,4.439250
0.045286,4.440000
0.044375,4.440750
0.050761,4.441500
0.039400,4.442250
0.036251,4.443000
0.047797,4.443750
0.039947,4.444500
0.035888,4.445250
0.053362,4.446000
0.059796,4.446750
0.049392,4.447500
0.038852,4.448250
0.051582,4.449000
0.051993,4.449750
0.043095,4.450500
0.042321,4.451250
0.051172,4.452000
0.042685,4.452750
0.048160,4.453500
0.046107,4.454250
0.043416,4.455000
0.045286,4.455750
0.059385,4.456500
0.048571,4.457250
0.044375,4.458000
0.042411,4.458750
0.045149,4.459500
0.054457,4.460250
0.048023,4.461000
0.034609,4.461750
0.033924,4.462500
0.047339,4.463250
0.043780,4.464000
0.038441,4.464750
0.055005,4.465500
0.034472,4.466250
0.036662,4.467000
0.037072,4.467750
0.037209,4.468500
0.042048,4.469250
0.044648,4.470000
0.043827,4.470750
0.051993,4.471500
0.044738,4.472250
0.039947,4.473000
0.052130,4.473750
0.043643,4.474500
0.048845,4.475250
0.045286,4.476000
0.043416,4.476750
0.037620,4.477500
0.049392,4.478250
0.046928,4.479000
0.042321,4.479750
0.037072,4.480500
0.047886,4.481250
0.036709,4.482000
0.039810,4.482750
0.050214,4.483500
0.051309,4.484250
0.043690,4.485000
0.043369,4.485750
0.040358,4.486500
0.038304,4.487250
0.039994,4.488000
0.039673,4.488750
0.041179,4.489500
0.048982,4.490250
0.047339,4.491000
0.038715,4.491750
0.039400,4.492500
0.040631,4.493250
0.047613,4.494000
0.035430,4.494750
0.048708,4.495500
0.036251,4.496250
0.050898,4.497000
0.050624,4.497750
0.054731,4.498500
0.040631,4.499250
0.035293,4.500000
0.060206,4.500750
0.040358,4.501500
0.051445,4.502250
0.050487,4.503000
0.043095,4.503750
0.042000,4.504500
0.042869,4.505250
0.043643,4.506000
0.039947,4.506750
0.041863,4.507500
0.039126,4.508250
0.055826,4.509000
0.035977,4.509750
0.043095,4.510500
0.043780,4.511250
0.042000,4.512000
0.037620,4.512750
0.040495,4.513500
0.036936,4.514250
0.044191,4.515000
0.027627,4.515750
0.042137,4.516500
0.049255,4.517250
0.049529,4.518000
0.041863,4.518750
0.040358,4.519500
0.041637,4.520250
0.054046,4.521000
0.044738,4.521750
0.040495,4.522500
0.042548,4.523250
0.044191,4.524000
0.040131,4.524750
0.045423,4.525500
0.042959,4.526250
0.048571,4.527000
0.043780,4.527750
0.042274,4.528500
0.045559,4.529250
0.052541,4.530000
0.046791,4.530750
0.037209,4.531500
0.036846,4.532250
0.047750,4.533000
0.049529,4.533750
0.054731,4.534500
0.049803,4.535250
0.047065,4.536000
0.051445,4.536750
0.046518,4.537500
0.054183,4.538250
0.044601,4.539000
0.039673,4.539750
0.042274,4.540500
0.052725,4.541250
0.034472,4.542000
0.043780,4.542750
0.036525,4.543500
0.062123,4.544250
0.040495,4.545000
0.049803,4.545750
0.055689,4.546500
0.044191,4.547250
0.049803,4.548000
0.045970,4.548750
0.037393,4.549500
0.049392,4.550250
0.053362,4.551000
0.041590,4.551750
0.050214,4.552500
0.038578,4.553250
0.037393,4.554000
0.046654,4.554750
0.039400,4.555500
0.037894,4.556250
0.037483,4.557000
0.044054,4.557750
0.040358,4.558500
0.045286,4.559250
0.036662,4.560000
0.034519,4.560750
0.040768,4.561500
0.045149,4.562250
0.057605,4.563000
0.043232,4.563750
0.046928,4.564500
0.035567,4.565250
0.043827,4.566000
0.046381,4.566750
0.048434,4.567500
0.039673,4.568250
0.042959,4.569000
0.044191,4.569750
0.042548,4.570500
0.040358,4.571250
0.043643,4.572000
0.051445,4.572750
0.043095,4.573500
0.034609,4.574250
0.048023,4.575000
0.035156,4.575750
0.055141,4.576500
0.035430,4.577250
0.042000,4.578000
0.055963,4.578750
0.036525,4.579500
0.043917,4.580250
0.035066,4.581000
0.048297,4.581750
0.054731,4.582500
0.041453,4.583250
0.042548,4.584000
0.043643,4.584750
0.046107,4.585500
0.037209,4.586250
0.041590,4.587000
0.043506,4.587750
0.045333,4.588500
0.045880,4.589250
0.050898,4.590000
0.049255,4.590750
0.041179,4.591500
0.052677,4.592250
0.048845,4.593000
0.041453,4.593750
0.037346,4.594500
0.045059,4.595250
0.052130,4.596000
0.040542,4.596750
0.045286,4.597500
0.043095,4.598250
0.033561,4.599000
0.052130,4.599750
0.043780,4.600500
0.042685,4.601250
0.047249,4.602000
0.050124,4.602750
0.043232,4.603500
0.044054,4.604250
0.049529,4.605000
0.046154,4.605750
0.044191,4.606500
0.058427,4.607250
0.042685,4.608000
0.045607,4.608750
0.045559,4.609500
0.042822,4.610250
0.031049,4.611000
0.047660,4.611750
0.045012,4.612500
0.044327,4.613250
0.059385,4.614000
0.045012,4.614750
0.045286,4.615500
0.045012,4.616250
0.045286,4.617000
0.048708,4.617750
0.031186,4.618500
0.040358,4.619250
0.040905,4.620000
0.036251,4.620750
0.035977,4.621500
0.037757,4.622250
0.042137,4.623000
0.050487,4.623750
0.043506,4.624500
0.056100,4.625250
0.049666,4.626000
0.038989,4.626750
0.044601,4.627500
0.038489,4.628250
0.038989,4.629000
0.057605,4.629750
0.050350,4.630500
0.039447,4.631250
0.041226,4.632000
0.044512,4.632750
0.058016,4.633500
0.040768,4.634250
0.044054,4.635000
0.044875,4.635750
0.032418,4.636500
0.038168,4.637250
0.048023,4.638000
0.043369,4.638750
0.052130,4.639500
0.040905,4.640250
0.045559,4.641000
0.036388,4.641750
0.042822,4.642500
0.044054,4.643250
0.043643,4.644000
0.044054,4.644750
0.033240,4.645500
0.042274,4.646250
0.048708,4.647000
0.046381,4.647750
0.038031,4.648500
0.043780,4.649250
0.043506,4.650000
0.038168,4.650750
0.047886,4.651500
0.039263,4.652250
0.040905,4.653000
0.042869,4.653750
0.048023,4.654500
0.043780,4.655250
0.054183,4.656000
0.040358,4.656750
0.036251,4.657500
0.053362,4.658250
0.048297,4.659000
0.063218,4.659750
0.042274,4.660500
0.046244,4.661250
0.047613,4.662000
0.048297,4.662750
0.037757,4.663500
0.035977,4.664250
0.043917,4.665000
0.045149,4.665750
0.042548,4.666500
0.046791,4.667250
0.050624,4.668000
0.057742,4.668750
0.042548,4.669500
0.034335,4.670250
0.045970,4.671000
0.048845,4.671750
0.044327,4.672500
0.038031,4.673250
0.043917,4.674000
0.054457,4.674750
0.050898,4.675500
0.039947,4.676250
0.048297,4.677000
0.054594,4.677750
0.038304,4.678500
0.036388,4.679250
0.045149,4.680000
0.049392,4.680750
0.050898,4.681500
0.052541,4.682250
0.043917,4.683000
0.037209,4.683750
0.041863,4.684500
0.042822,4.685250
0.049255,4.686000
0.037620,4.686750
0.047476,4.687500
0.040405,4.688250
0.039126,4.689000
0.045423,4.689750
0.050898,4.690500
0.043917,4.691250
0.044327,4.692000
0.051903,4.692750
0.050214,4.693500
0.043369,4.694250
0.041727,4.695000
0.042959,4.695750
0.041042,4.696500
0.035977,4.697250
0.050350,4.698000
0.044327,4.698750
0.046654,4.699500
0.047613,4.700250
0.055005,4.701000
0.036662,4.701750
0.034198,4.702500
0.045970,4.703250
0.048708,4.704000
0.037804,4.704750
0.052951,4.705500
0.039126,4.706250
0.046928,4.707000
0.045970,4.707750
0.040358,4.708500
0.042137,4.709250
0.064450,4.710000
0.046244,4.710750
0.047202,4.711500
0.043095,4.712250
0.040495,4.713000
0.043780,4.713750
0.045423,4.714500
0.055141,4.715250
0.044601,4.716000
0.055826,4.716750
0.054046,4.717500
0.043369,4.718250
0.045470,4.719000
0.052404,4.719750
0.044327,4.720500
0.045423,4.721250
0.046518,4.722000
0.048571,4.722750
0.049529,4.723500
0.040631,4.724250
0.042411,4.725000
0.037209,4.725750
0.045559,4.726500
0.041316,4.727250
0.050761,4.728000
0.040631,4.728750
0.040905,4.729500
0.044601,4.730250
0.042959,4.731000
0.044601,4.731750
0.042321,4.732500
0.039947,4.733250
0.047613,4.734000
0.040768,4.734750
0.054320,4.735500
0.043917,4.736250
0.035977,4.737000
0.039673,4.737750
0.044738,4.738500
0.044738,4.739250
0.040084,4.740000
0.048023,4.740750
0.045423,4.741500
0.039400,4.742250
0.043643,4.743000
0.040358,4.743750
0.054457,4.744500
0.046839,4.745250
0.043917,4.746000
0.049666,4.746750
0.045286,4.747500
0.044191,4.748250
0.045012,4.749000
0.046381,4.749750
0.042000,4.750500
0.041774,4.751250
0.051445,4.752000
0.041911,4.752750
0.055005,4.753500
0.050350,4.754250
0.046565,4.755000
0.043506,4.755750
0.048023,4.756500
0.045833,4.757250
0.040358,4.758000
0.041453,4.758750
0.047386,4.759500
0.038489,4.760250
0.038989,4.761000
0.038715,4.761750
0.033513,4.762500
0.037804,4.763250
0.043643,4.764000
0.045286,4.764750
0.044738,4.765500
0.036662,4.766250
0.031871,4.767000
0.036799,4.767750
0.045696,4.768500
0.050487,4.769250
0.051035,4.770000
0.038352,4.770750
0.040905,4.771500
0.045833,4.772250
0.048434,4.773000
0.056647,4.773750
0.037894,4.774500
0.047613,4.775250
0.044191,4.776000
0.046839,4.776750
0.046791,4.777500
0.044054,4.778250
0.045149,4.779000
0.039810,4.779750
0.041453,4.780500
0.043643,4.781250
0.049529,4.782000
0.040905,4.782750
0.040358,4.783500
0.039810,4.784250
0.034198,4.785000
0.043232,4.785750
0.041727,4.786500
0.038031,4.787250
0.036298,4.788000
0.040905,4.788750
0.047065,4.789500
0.040495,4.790250
0.038852,4.791000
0.042000,4.791750
0.050898,4.792500
0.045744,4.793250
0.050214,4.794000
0.048434,4.794750
0.053909,4.795500
0.039810,4.796250
0.051582,4.797000
0.055278,4.797750
0.053088,4.798500
0.049529,4.799250
0.046518,4.800000
0.043095,4.800750
0.039857,4.801500
0.048160,4.802250
0.042822,4.803000
0.052267,4.803750
0.050214,4.804500
0.041863,4.805250
0.040768,4.806000
0.034609,4.806750
0.040221,4.807500
0.046107,4.808250
0.049166,4.809000
0.047202,4.809750
0.035567,4.810500
0.045423,4.811250
0.037620,4.812000
0.042959,4.812750
0.045607,4.813500
0.042822,4.814250
0.028586,4.815000
0.039721,4.815750
0.056558,4.816500
0.045012,4.817250
0.044875,4.818000
0.046928,4.818750
0.047886,4.819500
0.035977,4.820250
0.043232,4.821000
0.044054,4.821750
0.064997,4.822500
0.038852,4.823250
0.041453,4.824000
0.046381,4.824750
0.049803,4.825500
0.049392,4.826250
0.050487,4.827000
0.039263,4.827750
0.044327,4.828500
0.034745,4.829250
0.041590,4.830000
0.050761,4.830750
0.043827,4.831500
0.043917,4.832250
0.046017,4.833000
0.040768,4.833750
0.044875,4.834500
0.048023,4.835250
0.044464,4.836000
0.043964,4.836750
0.054367,4.837500
0.053362,4.838250
0.049118,4.839000
0.036298,4.839750
0.047797,4.840500
0.050487,4.841250
0.048708,4.842000
0.045470,4.842750
0.039263,4.843500
0.045149,4.844250
0.043917,4.845000
0.044464,4.845750
0.044327,4.846500
0.034198,4.847250
0.047339,4.848000
0.040495,4.848750
0.039447,4.849500
0.033287,4.850250
0.051719,4.851000
0.052130,4.851750
0.056147,4.852500
0.050624,4.853250
0.043643,4.854000
0.070746,4.854750
0.044738,4.855500
0.045833,4.856250
0.039263,4.857000
0.043780,4.857750
0.037894,4.858500
0.044327,4.859250
0.040358,4.860000
0.040221,4.860750
0.035977,4.861500
0.038989,4.862250
0.047797,4.863000
0.036114,4.863750
0.042822,4.864500
0.036525,4.865250
0.037941,4.866000
0.045423,4.866750
0.039263,4.867500
0.039400,4.868250
0.048708,4.869000
0.053225,4.869750
0.044464,4.870500
0.060891,4.871250
0.033377,4.872000
0.048708,4.872750
0.049392,4.873500
0.049803,4.874250
0.045559,4.875000
0.039536,4.875750
0.058974,4.876500
0.040905,4.877250
0.048023,4.878000
0.044512,4.878750
0.049166,4.879500
0.037346,4.880250
0.043232,4.881000
0.030228,4.881750
0.044738,4.882500
0.039263,4.883250
0.037483,4.884000
0.048755,4.884750
0.031597,4.885500
0.032829,4.886250
0.039721,4.887000
0.045423,4.887750
0.039263,4.888500
0.054868,4.889250
0.036025,4.890000
0.043643,4.890750
0.038852,4.891500
0.039400,4.892250
0.041727,4.893000
0.044738,4.893750
0.046107,4.894500
0.043643,4.895250
0.052267,4.896000
0.039810,4.896750
0.047750,4.897500
0.048160,4.898250
0.036799,4.899000
0.039947,4.899750
0.036662,4.900500
0.041042,4.901250
0.051856,4.902000
0.038304,4.902750
0.048892,4.903500
0.042000,4.904250
0.047112,4.905000
0.039947,4.905750
0.038441,4.906500
0.039263,4.907250
0.042548,4.908000
0.044601,4.908750
0.048160,4.909500
0.039536,4.910250
0.042137,4.911000
0.051993,4.911750
0.051035,4.912500
0.036936,4.913250
0.039947,4.914000
0.042822,4.914750
0.039263,4.915500
0.051856,4.916250
0.047339,4.917000
0.046518,4.917750
0.048297,4.918500
0.037346,4.919250
0.061986,4.920000
0.047613,4.920750
0.043643,4.921500
0.042411,4.922250
0.040221,4.923000
0.042274,4.923750
0.051856,4.924500
0.044191,4.925250
0.048297,4.926000
0.036662,4.926750
0.051172,4.927500
0.043827,4.928250
0.034745,4.929000
0.042959,4.929750
0.051172,4.930500
0.035203,4.931250
0.041727,4.932000
0.046107,4.932750
0.033103,4.933500
0.043232,4.934250
0.041590,4.935000
0.046518,4.935750
0.047886,4.936500
0.056647,4.937250
0.045880,4.938000
0.036388,4.938750
0.039673,4.939500
0.040816,4.940250
0.043643,4.941000
0.047202,4.941750
0.039263,4.942500
0.054457,4.943250
0.039126,4.944000
0.041590,4.944750
0.043643,4.945500
0.035293,4.946250
0.049392,4.947000
0.055278,4.947750
0.045012,4.948500
0.049803,4.949250
0.045559,4.950000
0.046244,4.950750
0.048434,4.951500
0.041727,4.952250
0.043232,4.953000
0.044601,4.953750
0.044464,4.954500
0.040768,4.955250
0.042685,4.956000
0.044875,4.956750
0.047750,4.957500
0.041774,4.958250
0.036298,4.959000
0.035704,4.959750
0.037894,4.960500
0.049255,4.961250
0.049803,4.962000
0.046154,4.962750
0.052404,4.963500
0.033561,4.964250
0.045286,4.965000
0.051445,4.965750
0.045423,4.966500
0.049529,4.967250
0.037120,4.968000
0.033924,4.968750
0.045423,4.969500
0.045286,4.970250
0.044238,4.971000
0.041179,4.971750
0.036799,4.972500
0.040905,4.973250
0.046702,4.974000
0.047476,4.974750
0.040495,4.975500
0.039947,4.976250
0.038352,4.977000
0.043095,4.977750
0.047339,4.978500
0.043369,4.979250
0.046107,4.980000
0.044464,4.980750
0.042274,4.981500
0.042685,4.982250
0.032829,4.983000
0.028449,4.983750
0.040905,4.984500
0.042822,4.985250
0.055963,4.986000
0.038899,4.986750
0.054046,4.987500
0.055826,4.988250
0.038715,4.989000
0.041179,4.989750
0.042000,4.990500
0.046654,4.991250
0.047065,4.992000
0.042548,4.992750
0.038441,4.993500
0.049576,4.994250
0.046381,4.995000
0.077728,4.995750
0.038852,4.996500
0.045149,4.997250
0.055141,4.998000
0.041727,4.998750
0.039126,4.999500
0.061575,5.000250
0.040358,5.001000
0.038715,5.001750
0.040495,5.002500
0.046381,5.003250
0.040358,5.004000
0.039673,5.004750
0.045149,5.005500
0.044327,5.006250
0.043369,5.007000
0.044054,5.007750
0.059111,5.008500
0.042685,5.009250
0.039400,5.010000
0.045970,5.010750
0.045970,5.011500
0.046107,5.012250
0.038168,5.013000
0.045559,5.013750
0.046654,5.014500
0.039947,5.015250
0.045970,5.016000
0.044327,5.016750
0.048023,5.017500
0.047886,5.018250
0.043780,5.019000
0.038168,5.019750
0.043369,5.020500
0.040495,5.021250
0.040542,5.022000
0.047750,5.022750
0.042411,5.023500
0.048571,5.024250
0.046244,5.025000
0.045149,5.025750
0.057879,5.026500
0.059111,5.027250
0.048982,5.028000
0.050898,5.028750
0.059659,5.029500
0.037667,5.030250
0.044054,5.031000
0.042137,5.031750
0.049255,5.032500
0.044327,5.033250
0.050077,5.034000
0.035840,5.034750
0.048571,5.035500
0.039994,5.036250
0.045149,5.037000
0.048071,5.037750
0.047476,5.038500
0.050761,5.039250
0.037483,5.040000
0.038989,5.040750
0.043780,5.041500
0.047750,5.042250
0.040905,5.043000
0.037757,5.043750
0.040358,5.044500
0.039947,5.045250
0.047750,5.046000
0.045833,5.046750
0.040905,5.047500
0.040768,5.048250
0.048434,5.049000
0.051993,5.049750
0.043506,5.050500
0.041453,5.051250
0.038168,5.052000
0.052541,5.052750
0.042959,5.053500
0.028038,5.054250
0.036251,5.055000
0.035293,5.055750
0.037620,5.056500
0.043780,5.057250
0.046518,5.058000
0.042274,5.058750
0.043232,5.059500
0.039947,5.060250
0.045696,5.061000
0.046791,5.061750
0.050214,5.062500
0.042548,5.063250
0.040495,5.064000
0.045423,5.064750
0.035977,5.065500
0.060343,5.066250
0.038441,5.067000
0.039126,5.067750
0.050077,5.068500
0.040358,5.069250
0.051856,5.070000
0.055689,5.070750
0.043506,5.071500
0.036662,5.072250
0.042548,5.073000
0.061849,5.073750
0.056510,5.074500
0.036114,5.075250
0.046381,5.076000
0.039536,5.076750
0.041179,5.077500
0.056647,5.078250
0.047202,5.079000
0.047065,5.079750
0.042732,5.080500
0.028996,5.081250
0.033787,5.082000
0.036662,5.082750
0.040495,5.083500
0.041226,5.084250
0.056100,5.085000
0.049666,5.085750
0.044875,5.086500
0.050761,5.087250
0.045149,5.088000
0.051309,5.088750
0.059659,5.089500
0.043643,5.090250
0.039536,5.091000
0.042000,5.091750
0.041453,5.092500
0.038441,5.093250
0.045423,5.094000
0.045423,5.094750
0.048571,5.095500
0.039810,5.096250
0.049529,5.097000
0.041316,5.097750
0.048434,5.098500
0.035156,5.099250
0.038078,5.100000
0.040084,5.100750
0.045149,5.101500
0.047886,5.102250
0.049803,5.103000
0.038989,5.103750
0.041863,5.104500
0.046518,5.105250
0.049166,5.106000
0.045059,5.106750
0.045559,5.107500
0.043917,5.108250
0.050077,5.109000
0.050350,5.109750
0.035156,5.110500
0.040768,5.111250
0.043280,5.112000
0.042822,5.112750
0.064223,5.113500
0.052404,5.114250
0.038441,5.115000
0.039126,5.115750
0.048207,5.116500
0.048481,5.117250
0.043369,5.118000
0.047476,5.118750
0.041453,5.119500
0.040905,5.120250
0.050761,5.121000
0.043232,5.121750
0.050350,5.122500
0.050487,5.123250
0.034198,5.124000
0.045470,5.124750
0.038168,5.125500
0.066092,5.126250
0.031871,5.127000
0.041863,5.127750
0.047613,5.128500
0.046791,5.129250
0.034198,5.130000
0.045286,5.130750
0.060891,5.131500
0.047202,5.132250
0.035430,5.133000
0.035840,5.133750
0.039584,5.134500
0.041316,5.135250
0.050214,5.136000
0.049118,5.136750
0.038852,5.137500
0.049576,5.138250
0.036983,5.139000
0.042411,5.139750
0.042184,5.140500
0.045333,5.141250
0.036388,5.142000
0.046107,5.142750
0.041590,5.143500
0.034335,5.144250
0.039263,5.145000
0.051035,5.145750
0.037209,5.146500
0.042548,5.147250
0.057742,5.148000
0.052677,5.148750
0.047750,5.149500
0.051219,5.150250
0.039810,5.151000
0.041179,5.151750
0.048023,5.152500
0.042548,5.153250
0.046518,5.154000
0.054457,5.154750
0.047886,5.155500
0.043095,5.156250
0.051719,5.157000
0.045012,5.157750
0.051445,5.158500
0.049255,5.159250
0.038031,5.160000
0.032555,5.160750
0.040221,5.161500
0.040495,5.162250
0.044327,5.163000
0.055552,5.163750
0.043643,5.164500
0.041453,5.165250
0.055141,5.166000
0.042822,5.166750
0.040631,5.167500
0.047886,5.168250
0.039947,5.169000
0.045833,5.169750
0.054183,5.170500
0.057605,5.171250
0.039994,5.172000
0.041863,5.172750
0.036388,5.173500
0.047886,5.174250
0.052404,5.175000
0.054457,5.175750
0.049940,5.176500
0.039263,5.177250
0.044238,5.178000
0.045149,5.178750
0.046381,5.179500
0.042685,5.180250
0.044464,5.181000
0.048571,5.181750
0.046518,5.182500
0.044922,5.183250
0.047886,5.184000
0.044464,5.184750
0.042685,5.185500
0.033103,5.186250
0.040768,5.187000
0.042548,5.187750
0.038578,5.188500
0.039536,5.189250
0.037757,5.190000
0.045423,5.190750
0.040495,5.191500
0.051856,5.192250
0.050761,5.193000
0.041316,5.193750
0.034745,5.194500
0.037620,5.195250
0.038578,5.196000
0.036846,5.196750
0.049392,5.197500
0.055415,5.198250
0.047065,5.199000
0.048708,5.199750
0.043643,5.200500
0.047886,5.201250
0.040358,5.202000
0.059248,5.202750
0.035019,5.203500
0.039947,5.204250
0.042137,5.205000
0.043506,5.205750
0.061027,5.206500
0.041453,5.207250
0.057332,5.208000
0.037209,5.208750
0.044191,5.209500
0.034882,5.210250
0.044191,5.211000
0.048571,5.211750
0.041590,5.212500
0.029454,5.213250
0.045286,5.214000
0.040495,5.214750
0.046928,5.215500
0.042000,5.216250
0.039126,5.217000
0.051445,5.217750
0.044601,5.218500
0.039810,5.219250
0.034745,5.220000
0.041453,5.220750
0.036936,5.221500
0.043369,5.222250
0.038715,5.223000
0.049303,5.223750
0.052541,5.224500
0.042000,5.225250
0.042000,5.226000
0.056284,5.226750
0.042411,5.227500
0.050350,5.228250
0.055415,5.229000
0.048434,5.229750
0.047886,5.230500
0.048160,5.231250
0.037209,5.232000
0.036162,5.232750
0.058837,5.233500
0.043232,5.234250
0.036936,5.235000
0.050898,5.235750
0.046791,5.236500
0.053773,5.237250
0.044327,5.238000
0.046791,5.238750
0.032966,5.239500
0.047339,5.240250
0.037072,5.241000
0.053909,5.241750
0.042411,5.242500
0.046244,5.243250
0.044875,5.244000
0.056100,5.244750
0.052541,5.245500
0.053499,5.246250
0.052541,5.247000
0.047386,5.247750
0.047476,5.248500
0.039673,5.249250
0.054320,5.250000
0.044738,5.250750
0.039810,5.251500
0.041042,5.252250
0.048708,5.253000
0.038031,5.253750
0.042685,5.254500
0.051582,5.255250
0.042685,5.256000
0.037620,5.256750
0.042048,5.257500
0.038852,5.258250
0.053636,5.259000
0.054046,5.259750
0.041590,5.260500
0.039810,5.261250
0.044101,5.262000
0.045559,5.262750
0.053773,5.263500
0.048982,5.264250
0.042000,5.265000
0.053909,5.265750
0.049118,5.266500
0.038441,5.267250
0.046518,5.268000
0.041089,5.268750
0.048845,5.269500
0.045744,5.270250
0.047386,5.271000
0.041042,5.271750
0.043369,5.272500
0.048207,5.273250
0.039673,5.274000
0.042000,5.274750
0.043643,5.275500
0.044738,5.276250
0.048160,5.277000
0.045012,5.277750
0.037620,5.278500
0.049529,5.279250
0.040905,5.280000
0.040631,5.280750
0.042959,5.281500
0.056784,5.282250
0.049255,5.283000
0.043416,5.283750
0.045970,5.284500
0.047339,5.285250
0.046791,5.286000
0.042685,5.286750
0.042000,5.287500
0.044464,5.288250
0.048434,5.289000
0.060069,5.289750
0.046928,5.290500
0.039947,5.291250
0.047476,5.292000
0.036298,5.292750
0.044648,5.293500
0.040905,5.294250
0.033513,5.295000
0.056373,5.295750
0.042548,5.296500
0.047750,5.297250
0.045970,5.298000
0.049255,5.298750
0.048708,5.299500
0.042137,5.300250
0.047065,5.301000
0.053499,5.301750
0.035751,5.302500
0.041590,5.303250
0.040131,5.304000
0.039263,5.304750
0.031597,5.305500
0.045559,5.306250
0.044464,5.307000
0.047339,5.307750
0.039400,5.308500
0.040221,5.309250
0.046107,5.310000
0.060754,5.310750
0.047886,5.311500
0.045833,5.312250
0.049529,5.313000
0.045423,5.313750
0.042137,5.314500
0.054594,5.315250
0.037209,5.316000
0.045286,5.316750
0.046154,5.317500
0.050487,5.318250
0.036936,5.319000
0.034882,5.319750
0.035840,5.320500
0.041590,5.321250
0.036662,5.322000
0.041316,5.322750
0.053546,5.323500
0.051172,5.324250
0.054868,5.325000
0.037257,5.325750
0.053773,5.326500
0.035430,5.327250
0.041316,5.328000
0.042822,5.328750
0.036662,5.329500
0.045423,5.330250
0.044238,5.331000
0.043506,5.331750
0.043095,5.332500
0.045833,5.333250
0.051035,5.334000
0.043095,5.334750
0.039673,5.335500
0.045833,5.336250
0.039994,5.337000
0.036251,5.337750
0.060480,5.338500
0.037346,5.339250
0.045970,5.340000
0.043827,5.340750
0.041863,5.341500
0.045333,5.342250
0.046791,5.343000
0.041590,5.343750
0.040768,5.344500
0.041863,5.345250
0.038168,5.346000
0.044601,5.346750
0.045696,5.347500
0.037804,5.348250
0.034245,5.349000
0.039810,5.349750
0.046244,5.350500
0.036662,5.351250
0.050761,5.352000
0.044738,5.352750
0.040358,5.353500
0.039673,5.354250
0.036298,5.355000
0.041042,5.355750
0.036799,5.356500
0.062670,5.357250
0.040631,5.358000
0.049392,5.358750
0.047339,5.359500
0.046565,5.360250
0.038489,5.361000
0.035977,5.361750
0.054183,5.362500
0.040084,5.363250
0.038715,5.364000
0.038031,5.364750
0.047476,5.365500
0.047613,5.366250
0.034609,5.367000
0.047065,5.367750
0.047750,5.368500
0.052404,5.369250
0.037620,5.370000
0.037483,5.370750
0.046654,5.371500
0.050214,5.372250
0.040631,5.373000
0.043964,5.373750
0.047750,5.374500
0.042137,5.375250
0.040768,5.376000
0.047386,5.376750
0.045286,5.377500
0.039263,5.378250
0.050761,5.379000
0.041316,5.379750
0.043232,5.380500
0.047886,5.381250
0.056510,5.382000
0.039400,5.382750
0.038989,5.383500
0.032281,5.384250
0.038304,5.385000
0.048297,5.385750
0.047112,5.386500
0.048982,5.387250
0.049392,5.388000
0.043964,5.388750
0.048160,5.389500
0.055552,5.390250
0.051309,5.391000
0.044191,5.391750
0.045970,5.392500
0.047339,5.393250
0.043369,5.394000
0.042184,5.394750
0.043643,5.395500
0.045696,5.396250
0.040631,5.397000
0.044464,5.397750
0.045012,5.398500
0.058063,5.399250
0.043232,5.400000
0.045970,5.400750
0.039536,5.401500
0.042685,5.402250
0.045607,5.403000
0.042137,5.403750
0.043369,5.404500
0.051856,5.405250
0.041863,5.406000
0.052130,5.406750
0.043006,5.407500
0.045149,5.408250
0.043690,5.409000
0.040905,5.409750
0.043369,5.410500
0.034882,5.411250
0.045012,5.412000
0.039673,5.412750
0.034335,5.413500
0.030913,5.414250
0.049666,5.415000
0.037346,5.415750
0.043506,5.416500
0.049392,5.417250
0.042685,5.418000
0.048023,5.418750
0.046518,5.419500
0.040542,5.420250
0.043232,5.421000
0.045696,5.421750
0.045149,5.422500
0.041727,5.423250
0.036662,5.424000
0.040358,5.424750
0.040495,5.425500
0.045286,5.426250
0.042548,5.427000
0.031734,5.427750
0.040131,5.428500
0.047750,5.429250
0.038578,5.430000
0.051035,5.430750
0.038578,5.431500
0.044101,5.432250
0.040905,5.433000
0.045696,5.433750
0.042595,5.434500
0.040905,5.435250
0.037620,5.436000
0.052314,5.436750
0.042959,5.437500
0.041590,5.438250
0.049803,5.439000
0.046381,5.439750
0.034472,5.440500
0.055826,5.441250
0.045970,5.442000
0.038715,5.442750
0.042274,5.443500
0.036251,5.444250
0.044327,5.445000
0.044464,5.445750
0.038304,5.446500
0.046654,5.447250
0.044327,5.448000
0.038852,5.448750
0.050487,5.449500
0.037209,5.450250
0.036114,5.451000
0.061164,5.451750
0.045833,5.452500
0.038304,5.453250
0.039673,5.454000
0.042548,5.454750
0.047339,5.455500
0.041179,5.456250
0.042137,5.457000
0.059843,5.457750
0.044054,5.458500
0.059111,5.459250
0.038852,5.460000
0.043095,5.460750
0.041727,5.461500
0.039810,5.462250
0.053362,5.463000
0.040905,5.463750
0.048297,5.464500
0.039263,5.465250
0.049439,5.466000
0.054046,5.466750
0.037894,5.467500
0.033287,5.468250
0.040358,5.469000
0.047339,5.469750
0.038168,5.470500
0.038031,5.471250
0.045696,5.472000
0.051719,5.472750
0.050214,5.473500
0.046107,5.474250
0.053636,5.475000
0.045149,5.475750
0.039947,5.476500
0.039994,5.477250
0.039263,5.478000
0.042411,5.478750
0.035019,5.479500
0.040358,5.480250
0.055141,5.481000
0.054320,5.481750
0.049392,5.482500
0.049118,5.483250
0.043780,5.484000
0.053499,5.484750
0.043416,5.485500
0.034930,5.486250
0.046518,5.487000
0.045149,5.487750
0.036799,5.488500
0.048297,5.489250
0.043780,5.490000
0.049803,5.490750
0.068556,5.491500
0.045970,5.492250
0.038304,5.493000
0.039584,5.493750
0.042411,5.494500
0.037257,5.495250
0.034745,5.496000
0.047476,5.496750
0.034656,5.497500
0.040221,5.498250
0.054594,5.499000
0.044738,5.499750
0.047476,5.500500
0.049940,5.501250
0.056236,5.502000
0.047065,5.502750
0.048434,5.503500
0.052814,5.504250
0.044101,5.505000
0.044327,5.505750
0.043416,5.506500
0.041863,5.507250
0.034609,5.508000
0.049166,5.508750
0.038625,5.509500
0.048023,5.510250
0.043917,5.511000
0.031734,5.511750
0.042137,5.512500
0.045423,5.513250
0.037346,5.514000
0.048708,5.514750
0.044054,5.515500
0.056373,5.516250
0.042548,5.517000
0.043917,5.517750
0.046928,5.518500
0.053225,5.519250
0.036114,5.520000
0.039673,5.520750
0.040495,5.521500
0.037209,5.522250
0.032145,5.523000
0.047476,5.523750
0.039673,5.524500
0.055326,5.525250
0.048297,5.526000
0.048571,5.526750
0.042959,5.527500
0.039721,5.528250
0.043280,5.529000
0.045970,5.529750
0.050761,5.530500
0.040221,5.531250
0.045423,5.532000
0.047476,5.532750
0.054731,5.533500
0.052130,5.534250
0.052404,5.535000
0.049666,5.535750
0.048297,5.536500
0.041727,5.537250
0.050350,5.538000
0.043917,5.538750
0.036251,5.539500
0.043232,5.540250
0.041863,5.541000
0.034198,5.541750
0.051856,5.542500
0.046928,5.543250
0.047476,5.544000
0.039447,5.544750
0.042048,5.545500
0.039673,5.546250
0.038578,5.547000
0.031871,5.547750
0.037072,5.548500
0.041590,5.549250
0.053225,5.550000
0.042685,5.550750
0.038578,5.551500
0.038168,5.552250
0.038031,5.553000
0.041042,5.553750
0.050487,5.554500
0.038989,5.555250
0.042548,5.556000
0.050487,5.556750
0.044464,5.557500
0.045970,5.558250
0.045833,5.559000
0.042959,5.559750
0.037941,5.560500
0.051309,5.561250
0.040679,5.562000
0.035751,5.562750
0.044054,5.563500
0.040084,5.564250
0.045559,5.565000
0.047249,5.565750
0.039810,5.566500
0.055005,5.567250
0.037620,5.568000
0.042548,5.568750
0.051172,5.569500
0.057332,5.570250
0.048297,5.571000
0.041727,5.571750
0.043232,5.572500
0.038852,5.573250
0.051172,5.574000
0.047750,5.574750
0.057605,5.575500
0.036799,5.576250
0.043095,5.577000
0.049529,5.577750
0.045012,5.578500
0.039447,5.579250
0.049529,5.580000
0.045286,5.580750
0.052404,5.581500
0.039536,5.582250
0.044327,5.583000
0.038215,5.583750
0.041179,5.584500
0.046791,5.585250
0.056921,5.586000
0.047886,5.586750
0.042321,5.587500
0.053225,5.588250
0.052130,5.589000
0.042548,5.589750
0.050487,5.590500
0.036114,5.591250
0.046518,5.592000
0.042137,5.592750
0.036709,5.593500
0.047886,5.594250
0.039947,5.595000
0.044327,5.595750
0.039400,5.596500
0.045559,5.597250
0.032418,5.598000
0.047202,5.598750
0.040905,5.599500
0.042548,5.600250
0.050077,5.601000
0.042548,5.601750
0.034930,5.602500
0.054183,5.603250
0.038578,5.604000
0.043006,5.604750
0.037072,5.605500
0.038715,5.606250
0.041179,5.607000
0.039947,5.607750
0.030639,5.608500
0.044464,5.609250
0.048845,5.610000
0.049166,5.610750
0.045012,5.611500
0.038989,5.612250
0.042959,5.613000
0.047202,5.613750
0.045607,5.614500
0.035977,5.615250
0.044601,5.616000
0.041179,5.616750
0.057105,5.617500
0.045696,5.618250
0.043095,5.619000
0.047750,5.619750
0.041089,5.620500
0.051993,5.621250
0.045696,5.622000
0.048160,5.622750
0.041316,5.623500
0.042411,5.624250
0.043232,5.625000
0.050350,5.625750
0.042184,5.626500
0.047065,5.627250
0.035977,5.628000
0.045149,5.628750
0.053225,5.629500
0.047476,5.630250
0.044464,5.631000
0.036388,5.631750
0.040905,5.632500
0.044875,5.633250
0.050214,5.634000
0.040495,5.634750
0.045423,5.635500
0.037894,5.636250
0.048023,5.637000
0.048982,5.637750
0.044327,5.638500
0.037209,5.639250
0.061164,5.640000
0.040495,5.640750
0.050077,5.641500
0.040358,5.642250
0.030139,5.643000
0.040084,5.643750
0.044054,5.644500
0.043232,5.645250
0.038899,5.646000
0.044875,5.646750
0.034335,5.647500
0.051719,5.648250
0.045833,5.649000
0.056647,5.649750
0.048434,5.650500
0.053362,5.651250
0.037393,5.652000
0.044601,5.652750
0.045696,5.653500
0.041316,5.654250
0.041316,5.655000
0.048071,5.655750
0.056921,5.656500
0.049666,5.657250
0.044738,5.658000
0.052541,5.658750
0.056421,5.659500
0.037530,5.660250
0.054457,5.661000
0.044601,5.661750
0.044738,5.662500
0.046107,5.663250
0.043506,5.664000
0.052814,5.664750
0.044785,5.665500
0.051309,5.666250
0.047750,5.667000
0.040268,5.667750
0.038578,5.668500
0.035293,5.669250
0.051993,5.670000
0.040495,5.670750
0.049255,5.671500
0.050350,5.672250
0.044738,5.673000
0.048845,5.673750
0.049803,5.674500
0.049118,5.675250
0.062944,5.676000
0.036114,5.676750
0.049529,5.677500
0.045286,5.678250
0.054183,5.679000
0.040221,5.679750
0.047386,5.680500
0.043232,5.681250
0.051172,5.682000
0.052951,5.682750
0.039994,5.683500
0.042685,5.684250
0.044875,5.685000
0.043095,5.685750
0.052130,5.686500
0.036936,5.687250
0.038441,5.688000
0.037209,5.688750
0.044238,5.689500
0.056373,5.690250
0.041774,5.691000
0.045149,5.691750
0.038715,5.692500
0.049255,5.693250
0.044738,5.694000
0.043369,5.694750
0.042274,5.695500
0.041453,5.696250
0.047886,5.697000
0.042137,5.697750
0.043232,5.698500
0.042411,5.699250
0.039400,5.700000
0.051445,5.700750
0.049940,5.701500
0.044238,5.702250
0.037346,5.703000
0.044238,5.703750
0.045059,5.704500
0.045970,5.705250
0.049529,5.706000
0.050350,5.706750
0.054320,5.707500
0.035704,5.708250
0.039263,5.709000
0.045423,5.709750
0.050487,5.710500
0.047476,5.711250
0.033513,5.712000
0.043827,5.712750
0.040495,5.713500
0.054183,5.714250
0.032555,5.715000
0.047476,5.715750
0.054457,5.716500
0.039947,5.717250
0.053636,5.718000
0.046654,5.718750
0.040495,5.719500
0.043643,5.720250
0.036846,5.721000
0.050761,5.721750
0.047886,5.722500
0.042048,5.723250
0.057879,5.724000
0.055278,5.724750
0.041863,5.725500
0.045012,5.726250
0.064997,5.727000
0.053362,5.727750
0.039810,5.728500
0.038031,5.729250
0.052130,5.730000
0.055141,5.730750
0.041042,5.731500
0.042274,5.732250
0.042137,5.733000
0.037483,5.733750
0.035293,5.734500
0.046702,5.735250
0.040358,5.736000
0.036709,5.736750
0.042685,5.737500
0.047112,5.738250
0.033377,5.739000
0.043506,5.739750
0.045470,5.740500
0.036936,5.741250
0.047797,5.742000
0.041590,5.742750
0.048982,5.743500
0.041179,5.744250
0.045286,5.745000
0.035704,5.745750
0.045059,5.746500
0.032829,5.747250
0.048571,5.748000
0.050077,5.748750
0.046107,5.749500
0.047750,5.750250
0.041453,5.751000
0.041863,5.751750
0.049118,5.752500
0.050487,5.753250
0.046107,5.754000
0.044054,5.754750
0.042000,5.755500
0.042411,5.756250
0.049940,5.757000
0.054320,5.757750
0.045286,5.758500
0.044875,5.759250
0.036662,5.760000
0.044327,5.760750
0.058290,5.761500
0.041316,5.762250
0.042685,5.763000
0.037072,5.763750
0.049940,5.764500
0.040631,5.765250
0.038989,5.766000
0.042137,5.766750
0.040768,5.767500
0.047065,5.768250
0.045423,5.769000
0.041316,5.769750
0.042959,5.770500
0.041590,5.771250
0.044738,5.772000
0.040905,5.772750
0.048023,5.773500
0.036662,5.774250
0.037620,5.775000
0.041590,5.775750
0.039810,5.776500
0.048023,5.777250
0.045012,5.778000
0.051309,5.778750
0.038304,5.779500
0.040268,5.780250
0.037346,5.781000
0.030091,5.781750
0.049255,5.782500
0.043232,5.783250
0.043690,5.784000
0.042137,5.784750
0.056784,5.785500
0.049255,5.786250
0.039947,5.787000
0.045012,5.787750
0.044464,5.788500
0.045423,5.789250
0.034745,5.790000
0.037483,5.790750
0.042732,5.791500
0.033377,5.792250
0.047065,5.793000
0.047202,5.793750
0.040631,5.794500
0.043643,5.795250
0.052267,5.796000
0.044191,5.796750
0.056373,5.797500
0.048845,5.798250
0.039810,5.799000
0.048708,5.799750
0.044601,5.800500
0.053362,5.801250
0.049392,5.802000
0.046518,5.802750
0.042822,5.803500
0.050487,5.804250
0.047065,5.805000
0.045833,5.805750
0.043369,5.806500
0.038715,5.807250
0.041863,5.808000
0.048845,5.808750
0.045833,5.809500
0.046244,5.810250
0.054183,5.811000
0.042732,5.811750
0.041453,5.812500
0.050214,5.813250
0.045559,5.814000
0.039126,5.814750
0.047112,5.815500
0.046518,5.816250
0.037620,5.817000
0.041089,5.817750
0.052541,5.818500
0.053683,5.819250
0.057879,5.820000
0.045423,5.820750
0.041042,5.821500
0.037483,5.822250
0.040905,5.823000
0.047750,5.823750
0.039263,5.824500
0.041453,5.825250
0.042411,5.826000
0.047065,5.826750
0.048755,5.827500
0.036114,5.828250
0.045286,5.829000
0.037120,5.829750
0.039947,5.830500
0.054320,5.831250
0.040358,5.832000
0.039721,5.832750
0.038304,5.833500
0.055278,5.834250
0.045149,5.835000
0.038852,5.835750
0.043095,5.836500
0.051309,5.837250
0.047886,5.838000
0.039263,5.838750
0.035704,5.839500
0.043780,5.840250
0.032829,5.841000
0.042411,5.841750
0.048297,5.842500
0.042137,5.843250
0.042137,5.844000
0.045970,5.844750
0.041453,5.845500
0.043964,5.846250
0.050487,5.847000
0.054457,5.847750
0.039947,5.848500
0.037620,5.849250
0.035704,5.850000
0.051035,5.850750
0.047476,5.851500
0.042822,5.852250
0.058290,5.853000
0.045696,5.853750
0.052951,5.854500
0.045333,5.855250
0.042685,5.856000
0.050350,5.856750
0.045833,5.857500
0.050761,5.858250
0.035567,5.859000
0.060206,5.859750
0.054868,5.860500
0.057605,5.861250
0.037620,5.862000
0.050077,5.862750
0.042685,5.863500
0.047065,5.864250
0.045696,5.865000
0.046791,5.865750
0.034472,5.866500
0.035567,5.867250
0.047476,5.868000
0.049255,5.868750
0.047613,5.869500
0.044875,5.870250
0.036662,5.871000
0.039263,5.871750
0.044512,5.872500
0.050350,5.873250
0.050487,5.874000
0.031734,5.874750
0.034609,5.875500
0.041500,5.876250
0.041226,5.877000
0.035430,5.877750
0.049940,5.878500
0.043095,5.879250
0.040495,5.880000
0.047065,5.880750
0.045880,5.881500
0.043232,5.882250
0.046107,5.883000
0.044601,5.883750
0.037393,5.884500
0.041179,5.885250
0.033103,5.886000
0.034472,5.886750
0.040495,5.887500
0.052814,5.888250
0.050350,5.889000
0.048982,5.889750
0.054046,5.890500
0.049255,5.891250
0.048481,5.892000
0.035977,5.892750
0.044512,5.893500
0.048297,5.894250
0.042548,5.895000
0.042822,5.895750
0.043232,5.896500
0.045012,5.897250
0.050761,5.898000
0.046518,5.898750
0.043369,5.899500
0.044738,5.900250
0.041453,5.901000
0.038578,5.901750
0.039126,5.902500
0.042548,5.903250
0.044875,5.904000
0.040495,5.904750
0.049666,5.905500
0.035156,5.906250
0.045833,5.907000
0.044875,5.907750
0.043143,5.908500
0.049255,5.909250
0.043232,5.910000
0.032555,5.910750
0.037483,5.911500
0.038852,5.912250
0.042137,5.913000
0.045880,5.913750
0.040495,5.914500
0.036799,5.915250
0.043780,5.916000
0.043369,5.916750
0.037209,5.917500
0.046928,5.918250
0.067598,5.919000
0.044648,5.919750
0.045286,5.920500
0.043232,5.921250
0.037620,5.922000
0.045012,5.922750
0.045970,5.923500
0.035019,5.924250
0.049803,5.925000
0.037804,5.925750
0.042411,5.926500
0.041727,5.927250
0.048434,5.928000
0.042458,5.928750
0.033103,5.929500
0.049118,5.930250
0.040768,5.931000
0.049803,5.931750
0.044464,5.932500
0.053225,5.933250
0.045559,5.934000
0.043780,5.934750
0.050624,5.935500
0.045970,5.936250
0.052677,5.937000
0.039673,5.937750
0.045012,5.938500
0.037620,5.939250
0.048434,5.940000
0.051993,5.940750
0.042137,5.941500
0.048708,5.942250
0.037667,5.943000
0.046928,5.943750
0.042411,5.944500
0.042959,5.945250
0.045833,5.946000
0.046381,5.946750
0.046518,5.947500
0.041863,5.948250
0.042685,5.949000
0.047476,5.949750
0.058153,5.950500
0.050761,5.951250
0.047886,5.952000
0.050624,5.952750
0.049255,5.953500
0.041727,5.954250
0.037941,5.955000
0.040905,5.955750
0.040905,5.956500
0.045286,5.957250
0.045286,5.958000
0.043643,5.958750
0.046381,5.959500
0.044512,5.960250
0.042548,5.961000
0.041863,5.961750
0.037072,5.962500
0.044327,5.963250
0.039400,5.964000
0.037209,5.964750
0.043095,5.965500
0.053909,5.966250
0.042411,5.967000
0.038578,5.967750
0.037346,5.968500
0.048982,5.969250
0.041179,5.970000
0.047339,5.970750
0.043369,5.971500
0.044738,5.972250
0.049255,5.973000
0.039810,5.973750
0.044191,5.974500
0.045423,5.975250
0.050077,5.976000
0.039036,5.976750
0.046381,5.977500
0.040905,5.978250
0.057926,5.979000
0.035977,5.979750
0.044327,5.980500
0.059248,5.981250
0.055826,5.982000
0.041863,5.982750
0.041863,5.983500
0.040768,5.984250
0.052862,5.985000
0.041179,5.985750
0.045833,5.986500
0.047523,5.987250
0.045559,5.988000
0.037072,5.988750
0.047065,5.989500
0.040495,5.990250
0.035019,5.991000
0.034745,5.991750
0.037209,5.992500
0.054046,5.993250
0.042411,5.994000
0.047202,5.994750
0.045559,5.995500
0.041911,5.996250
0.045607,5.997000
0.041590,5.997750
0.042000,5.998500
0.052814,5.999250
0.052951,6.000000
0.043369,6.000750
0.037620,6.001500
0.038852,6.002250
0.047065,6.003000
0.044875,6.003750
0.035704,6.004500
0.041863,6.005250
0.042548,6.006000
0.042548,6.006750
0.050898,6.007500
0.053499,6.008250
0.044191,6.009000
0.046928,6.009750
0.039536,6.010500
0.046928,6.011250
0.040268,6.012000
0.035293,6.012750
0.032329,6.013500
0.048297,6.014250
0.041179,6.015000
0.044054,6.015750
0.044875,6.016500
0.044327,6.017250
0.034519,6.018000
0.041453,6.018750
0.056236,6.019500
0.042685,6.020250
0.050761,6.021000
0.046654,6.021750
0.050761,6.022500
0.044191,6.023250
0.044738,6.024000
0.036525,6.024750
0.038989,6.025500
0.042822,6.026250
0.044054,6.027000
0.041727,6.027750
0.048845,6.028500
0.050214,6.029250
0.040768,6.030000
0.041590,6.030750
0.042411,6.031500
0.047750,6.032250
0.047613,6.033000
0.036936,6.033750
0.043780,6.034500
0.038168,6.035250
0.040358,6.036000
0.046244,6.036750
0.042000,6.037500
0.044054,6.038250
0.045970,6.039000
0.044785,6.039750
0.049803,6.040500
0.040221,6.041250
0.045423,6.042000
0.035019,6.042750
0.036936,6.043500
0.041590,6.044250
0.035156,6.045000
0.035840,6.045750
0.042137,6.046500
0.044191,6.047250
0.047065,6.048000
0.043964,6.048750
0.036799,6.049500
0.030639,6.050250
0.050350,6.051000
0.042274,6.051750
0.044464,6.052500
0.046107,6.053250
0.043232,6.054000
0.037620,6.054750
0.043780,6.055500
0.038304,6.056250
0.048982,6.057000
0.046107,6.057750
0.037483,6.058500
0.044054,6.059250
0.038578,6.060000
0.042548,6.060750
0.039810,6.061500
0.052267,6.062250
0.045970,6.063000
0.040768,6.063750
0.039947,6.064500
0.040495,6.065250
0.042137,6.066000
0.043369,6.066750
0.035340,6.067500
0.043095,6.068250
0.041637,6.069000
0.043643,6.069750
0.035751,6.070500
0.065271,6.071250
0.044054,6.072000
0.042137,6.072750
0.048845,6.073500
0.041453,6.074250
0.044464,6.075000
0.049118,6.075750
0.048160,6.076500
0.037209,6.077250
0.049666,6.078000
0.047476,6.078750
0.049392,6.079500
0.044464,6.080250
0.041453,6.081000
0.049803,6.081750
0.047202,6.082500
0.045607,6.083250
0.043643,6.084000
0.044738,6.084750
0.040268,6.085500
0.042411,6.086250
0.042048,6.087000
0.039447,6.087750
0.041042,6.088500
0.047202,6.089250
0.044464,6.090000
0.038304,6.090750
0.045696,6.091500
0.042274,6.092250
0.043780,6.093000
0.037072,6.093750
0.045423,6.094500
0.047750,6.095250
0.038578,6.096000
0.048845,6.096750
0.056373,6.097500
0.047886,6.098250
0.043095,6.099000
0.045559,6.099750
0.047750,6.100500
0.035977,6.101250
0.039947,6.102000
0.035704,6.102750
0.054457,6.103500
0.046654,6.104250
0.039721,6.105000
0.042411,6.105750
0.047476,6.106500
0.038578,6.107250
0.045423,6.108000
0.051719,6.108750
0.038304,6.109500
0.044738,6.110250
0.042959,6.111000
0.046381,6.111750
0.041453,6.112500
0.038852,6.113250
0.043232,6.114000
0.036936,6.114750
0.042548,6.115500
0.034745,6.116250
0.043006,6.117000
0.041637,6.117750
0.051719,6.118500
0.046381,6.119250
0.050487,6.120000
0.042000,6.120750
0.041590,6.121500
0.037620,6.122250
0.042822,6.123000
0.035840,6.123750
0.045559,6.124500
0.038852,6.125250
0.053225,6.126000
0.048297,6.126750
0.049803,6.127500
0.038715,6.128250
0.046518,6.129000
0.045149,6.129750
0.042959,6.130500
0.037072,6.131250
0.041453,6.132000
0.043095,6.132750
0.042274,6.133500
0.048297,6.134250
0.049392,6.135000
0.035977,6.135750
0.051172,6.136500
0.041179,6.137250
0.038989,6.138000
0.068282,6.138750
0.037757,6.139500
0.038715,6.140250
0.044191,6.141000
0.046791,6.141750
0.034745,6.142500
0.035477,6.143250
0.045833,6.144000
0.042184,6.144750
0.037393,6.145500
0.043369,6.146250
0.048023,6.147000
0.037346,6.147750
0.048023,6.148500
0.055005,6.149250
0.042822,6.150000
0.038852,6.150750
0.043232,6.151500
0.041179,6.152250
0.049940,6.153000
0.046107,6.153750
0.049940,6.154500
0.043232,6.155250
0.048023,6.156000
0.038168,6.156750
0.043095,6.157500
0.042685,6.158250
0.037346,6.159000
0.047886,6.159750
0.049439,6.160500
0.045286,6.161250
0.046107,6.162000
0.040816,6.162750
0.042274,6.163500
0.040358,6.164250
0.052267,6.165000
0.043369,6.165750
0.040084,6.166500
0.039126,6.167250
0.041179,6.168000
0.040816,6.168750
0.037483,6.169500
0.037894,6.170250
0.037346,6.171000
0.039673,6.171750
0.046976,6.172500
0.044101,6.173250
0.036388,6.174000
0.039126,6.174750
0.042548,6.175500
0.046654,6.176250
0.046381,6.177000
0.041727,6.177750
0.047339,6.178500
0.046791,6.179250
0.044464,6.180000
0.056558,6.180750
0.035019,6.181500
0.047523,6.182250
0.042959,6.183000
0.038031,6.183750
0.043643,6.184500
0.045012,6.185250
0.041774,6.186000
0.047339,6.186750
0.038625,6.187500
0.045833,6.188250
0.051582,6.189000
0.045696,6.189750
0.040221,6.190500
0.037072,6.191250
0.043506,6.192000
0.054868,6.192750
0.041042,6.193500
0.048434,6.194250
0.037757,6.195000
0.043232,6.195750
0.040358,6.196500
0.055278,6.197250
0.036114,6.198000
0.032966,6.198750
0.037483,6.199500
0.050077,6.200250
0.043280,6.201000
0.043506,6.201750
0.038625,6.202500
0.035704,6.203250
0.048023,6.204000
0.045286,6.204750
0.042274,6.205500
0.043780,6.206250
0.044601,6.207000
0.042685,6.207750
0.052404,6.208500
0.041863,6.209250
0.035203,6.210000
0.045423,6.210750
0.044191,6.211500
0.047065,6.212250
0.035614,6.213000
0.046381,6.213750
0.051856,6.214500
0.030639,6.215250
0.036572,6.216000
0.038441,6.216750
0.038989,6.217500
0.046518,6.218250
0.040631,6.219000
0.048434,6.219750
0.038489,6.220500
0.050898,6.221250
0.039810,6.222000
0.057195,6.222750
0.048023,6.223500
0.042274,6.224250
0.042137,6.225000
0.047065,6.225750
0.041863,6.226500
0.048708,6.227250
0.057332,6.228000
0.045012,6.228750
0.038304,6.229500
0.044738,6.230250
0.048982,6.231000
0.031323,6.231750
0.049392,6.232500
0.042548,6.233250
0.048297,6.234000
0.038578,6.234750
0.041042,6.235500
0.038168,6.236250
0.042411,6.237000
0.047065,6.237750
0.048892,6.238500
0.044191,6.239250
0.050077,6.240000
0.048708,6.240750
0.531141,6.241500
0.015355,6.242250
0.012159,6.243000
0.012022,6.243750
0.012159,6.244500
0.012981,6.245250
0.012296,6.246000
0.013391,6.246750
0.012296,6.247500
0.012707,6.248250
0.012570,6.249000
0.012707,6.249750
0.012981,6.250500
0.012296,6.251250
0.011885,6.252000
0.012570,6.252750
0.012570,6.253500
0.012570,6.254250
0.012433,6.255000
0.012844,6.255750
0.012981,6.256500
0.012159,6.257250
0.013254,6.258000
0.013254,6.258750
0.012707,6.259500
0.012159,6.260250
0.013391,6.261000
0.012844,6.261750
0.012433,6.262500
0.012570,6.263250
0.012159,6.264000
0.012570,6.264750
0.012570,6.265500
0.012433,6.266250
0.012570,6.267000
0.012707,6.267750
0.012707,6.268500
0.012159,6.269250
0.012159,6.270000
0.012433,6.270750
0.012981,6.271500
0.012159,6.272250
0.012570,6.273000
0.012022,6.273750
0.012570,6.274500
0.012433,6.275250
0.012296,6.276000
0.012707,6.276750
0.012844,6.277500
0.012844,6.278250
0.012570,6.279000
0.012707,6.279750
0.012570,6.280500
0.012981,6.281250
0.012570,6.282000
0.012981,6.282750
0.012296,6.283500
0.012844,6.284250
0.012296,6.285000
0.012022,6.285750
0.012570,6.286500
0.011885,6.287250
0.011885,6.288000
0.012981,6.288750
0.012296,6.289500
0.012433,6.290250
0.012981,6.291000
0.012433,6.291750
0.012707,6.292500
0.012707,6.293250
0.012707,6.294000
0.012707,6.294750
0.012570,6.295500
0.012844,6.296250
0.012296,6.297000
0.012296,6.297750
0.012570,6.298500
0.013117,6.299250
0.012707,6.300000
0.012707,6.300750
0.012981,6.301500
0.012844,6.302250
0.013117,6.303000
0.012844,6.303750
0.012981,6.304500
0.012296,6.305250
0.012844,6.306000
0.012844,6.306750
0.012981,6.307500
0.012981,6.308250
0.012707,6.309000
0.012433,6.309750
0.013117,6.310500
0.012296,6.311250
0.012981,6.312000
0.012159,6.312750
0.012433,6.313500
0.012296,6.314250
0.012707,6.315000
0.012981,6.315750
0.012844,6.316500
0.012844,6.317250
0.012707,6.318000
0.012570,6.318750
0.012296,6.319500
0.012570,6.320250
0.012570,6.321000
0.012433,6.321750
0.012844,6.322500
0.012981,6.323250
0.012570,6.324000
0.012433,6.324750
0.012707,6.325500
0.012707,6.326250
0.012159,6.327000
0.012570,6.327750
0.012707,6.328500
0.012159,6.329250
0.012570,6.330000
0.012570,6.330750
0.012844,6.331500
0.012433,6.332250
0.012296,6.333000
0.012159,6.333750
0.012570,6.334500
0.012570,6.335250
0.012433,6.336000
0.011885,6.336750
0.012433,6.337500
0.012844,6.338250
0.012844,6.339000
0.012844,6.339750
0.012981,6.340500
0.012433,6.341250
0.012570,6.342000
0.012433,6.342750
0.012570,6.343500
0.012981,6.344250
0.012296,6.345000
0.012844,6.345750
0.012707,6.346500
0.012296,6.347250
0.012981,6.348000
0.012570,6.348750
0.012022,6.349500
0.012570,6.350250
0.012570,6.351000
0.012022,6.351750
0.012433,6.352500
0.012570,6.353250
0.012570,6.354000
0.012707,6.354750
0.012433,6.355500
0.012570,6.356250
0.012570,6.357000
0.012159,6.357750
0.012022,6.358500
0.012433,6.359250
0.012981,6.360000
0.012570,6.360750
0.012570,6.361500
0.012159,6.362250
0.000000,6.363000
0.000000,6.363750
0.000000,6.364500
0.000000,6.365250
0.000000,6.366000
0.000000,6.366750
0.000000,6.367500
0.000000,6.368250
0.000000,6.369000
0.000000,6.369750
0.000000,6.370500
0.000000,6.371250
0.000000,6.372000
0.000000,6.372750
0.000000,6.373500
0.000000,6.374250
0.000000,6.375000
0.000000,6.375750
0.000000,6.376500
0.000000,6.377250
0.000000,6.378000
0.000000,6.378750
0.000000,6.379500
0.000000,6.380250
0.000000,6.381000
0.000000,6.381750
0.000000,6.382500
0.000000,6.383250
0.000000,6.384000
0.000000,6.384750
0.000000,6.385500
0.000000,6.386250
0.000000,6.387000
0.000000,6.387750
0.000000,6.388500
0.000000,6.389250
0.000000,6.390000
0.000000,6.390750
0.000000,6.391500
0.000000,6.392250
0.000000,6.393000
0.000000,6.393750
0.000000,6.394500
0.000000,6.395250
0.000000,6.396000
0.000000,6.396750
0.000000,6.397500
0.000000,6.398250
0.000000,6.399000
0.000000,6.399750
0.000000,6.400500
0.000000,6.401250
0.000000,6.402000
0.000000,6.402750
0.000000,6.403500
0.000000,6.404250
0.000000,6.405000
0.000000,6.405750
0.000000,6.406500
0.000000,6.407250
0.000000,6.408000
0.000000,6.408750
0.000000,6.409500
0.000000,6.410250
0.000000,6.411000
0.000000,6.411750
0.000000,6.412500
0.000000,6.413250
0.000000,6.414000
0.000000,6.414750
0.000000,6.415500
0.000000,6.416250
0.000000,6.417000
0.000000,6.417750
0.000000,6.418500
0.000000,6.419250
0.000000,6.420000
0.000000,6.420750
0.000000,6.421500
0.000000,6.422250
0.000000,6.423000
0.000000,6.423750
0.000000,6.424500
0.000000,6.425250
0.000000,6.426000
0.000000,6.426750
0.000000,6.427500
0.000000,6.428250
0.000000,6.429000
0.000000,6.429750
0.000000,6.430500
0.000000,6.431250
0.000000,6.432000
0.000000,6.432750
0.000000,6.433500
0.000000,6.434250
0.000000,6.435000
0.000000,6.435750
0.000000,6.436500
0.000000,6.437250
0.000000,6.438000
0.000000,6.438750
0.000000,6.439500
0.000000,6.440250
0.000000,6.441000
0.000000,6.441750
0.000000,6.442500
0.000000,6.443250
0.000000,6.444000
0.000000,6.444750
0.000000,6.445500
0.000000,6.446250
0.000000,6.447000
0.000000,6.447750
0.000000,6.448500
0.000000,6.449250
0.000000,6.450000
0.000000,6.450750
0.000000,6.451500
0.000000,6.452250
0.000000,6.453000
0.000000,6.453750
0.000000,6.454500
0.000000,6.455250
0.000000,6.456000
0.000000,6.456750
0.000000,6.457500
0.000000,6.458250
0.000000,6.459000
0.000000,6.459750
0.000000,6.460500
0.000000,6.461250
0.000000,6.462000
0.000000,6.462750
0.000000,6.463500
0.000000,6.464250
0.000000,6.465000
0.000000,6.465750
0.000000,6.466500
0.000000,6.467250
0.000000,6.468000
0.000000,6.468750
0.000000,6.469500
0.000000,6.470250
0.000000,6.471000
0.000000,6.471750
0.000000,6.472500
0.000000,6.473250
0.000000,6.474000
0.000000,6.474750
0.000000,6.475500
0.000000,6.476250
0.000000,6.477000
0.000000,6.477750
0.000000,6.478500
0.000000,6.479250
0.000000,6.480000
0.000000,6.480750
0.000000,6.481500
0.000000,6.482250
0.000000,6.483000
0.000000,6.483750
0.000000,6.484500
0.000000,6.485250
0.000000,6.486000
0.000000,6.486750
0.000000,6.487500
0.000000,6.488250
0.000000,6.489000
0.000000,6.489750
0.000000,6.490500
0.000000,6.491250
0.000000,6.492000
0.000000,6.492750
0.000000,6.493500
0.000000,6.494250
0.000000,6.495000
0.000000,6.495750
0.000000,6.496500
0.000000,6.497250
0.000000,6.498000
0.000000,6.498750
0.000000,6.499500
0.000000,6.500250
0.000000,6.501000
0.000000,6.501750
0.000000,6.502500
0.000000,6.503250
0.000000,6.504000
0.000000,6.504750
0.000000,6.505500
0.000000,6.506250
0.000000,6.507000
0.000000,6.507750
0.000000,6.508500
0.000000,6.509250
0.000000,6.510000
0.000000,6.510750
0.000000,6.511500
0.000000,6.512250
0.000000,6.513000
0.000000,6.513750
0.000000,6.514500
0.000000,6.515250
0.000000,6.516000
0.000000,6.516750
0.000000,6.517500
0.000000,6.518250
0.000000,6.519000
0.000000,6.519750
0.000000,6.520500
0.000000,6.521250
0.000000,6.522000
0.000000,6.522750
0.000000,6.523500
0.000000,6.524250
0.000000,6.525000
0.000000,6.525750
0.000000,6.526500
0.000000,6.527250
0.000000,6.528000
0.000000,6.528750
0.000000,6.529500
0.000000,6.530250
0.000000,6.531000
0.000000,6.531750
0.000000,6.532500
0.000000,6.533250
0.000000,6.534000
0.000000,6.534750
0.000000,6.535500
0.000000,6.536250
0.000000,6.537000
0.000000,6.537750
0.000000,6.538500
0.000000,6.539250
0.000000,6.540000
0.000000,6.540750
0.000000,6.541500
0.000000,6.542250
0.000000,6.543000
0.000000,6.543750
0.000000,6.544500
0.000000,6.545250
0.000000,6.546000
0.000000,6.546750
0.000000,6.547500
0.000000,6.548250
0.000000,6.549000
0.000000,6.549750
0.000000,6.550500
0.000000,6.551250
0.000000,6.552000
0.000000,6.552750
0.000000,6.553500
0.000000,6.554250
0.000000,6.555000
0.000000,6.555750
0.000000,6.556500
0.000000,6.557250
0.000000,6.558000
0.000000,6.558750
0.000000,6.559500
0.000000,6.560250
0.000000,6.561000
0.000000,6.561750
0.000000,6.562500
0.000000,6.563250
0.000000,6.564000
0.000000,6.564750
0.000000,6.565500
0.000000,6.566250
0.000000,6.567000
0.000000,6.567750
0.000000,6.568500
0.000000,6.569250
0.000000,6.570000
0.000000,6.570750
0.000000,6.571500
0.000000,6.572250
0.000000,6.573000
0.000000,6.573750
0.000000,6.574500
0.000000,6.575250
0.000000,6.576000
0.000000,6.576750
0.000000,6.577500
0.000000,6.578250
0.000000,6.579000
0.000000,6.579750
0.000000,6.580500
0.000000,6.581250
0.000000,6.582000
0.000000,6.582750
0.000000,6.583500
0.000000,6.584250
0.000000,6.585000
0.000000,6.585750
0.000000,6.586500
0.000000,6.587250
0.000000,6.588000
0.000000,6.588750
0.000000,6.589500
0.000000,6.590250
0.000000,6.591000
0.000000,6.591750
0.000000,6.592500
0.000000,6.593250
0.000000,6.594000
0.000000,6.594750
0.000000,6.595500
0.000000,6.596250
0.000000,6.597000
0.000000,6.597750
0.000000,6.598500
0.000000,6.599250
0.000000,6.600000
0.000000,6.600750
0.000000,6.601500
0.000000,6.602250
0.000000,6.603000
0.000000,6.603750
0.000000,6.604500
0.000000,6.605250
0.000000,6.606000
0.000000,6.606750
0.000000,6.607500
0.000000,6.608250
0.000000,6.609000
0.000000,6.609750
0.000000,6.610500
0.000000,6.611250
0.000000,6.612000
0.000000,6.612750
0.000000,6.613500
0.000000,6.614250
0.000000,6.615000
0.000000,6.615750
0.000000,6.616500
0.000000,6.617250
0.000000,6.618000
0.000000,6.618750
0.000000,6.619500
0.000000,6.620250
0.000000,6.621000
0.000000,6.621750
0.000000,6.622500
0.000000,6.623250
0.000000,6.624000
0.000000,6.624750
0.000000,6.625500
0.000000,6.626250
0.000000,6.627000
0.000000,6.627750
0.000000,6.628500
0.000000,6.629250
0.000000,6.630000
0.000000,6.630750
0.000000,6.631500
0.000000,6.632250
0.000000,6.633000
0.000000,6.633750
0.000000,6.634500
0.000000,6.635250
0.000000,6.636000
0.000000,6.636750
0.000000,6.637500
0.000000,6.638250
0.000000,6.639000
0.000000,6.639750
0.000000,6.640500
0.000000,6.641250
0.000000,6.642000
0.000000,6.642750
0.000000,6.643500
0.000000,6.644250
0.000000,6.645000
0.000000,6.645750
0.000000,6.646500
0.000000,6.647250
0.000000,6.648000
0.000000,6.648750
0.000000,6.649500
0.000000,6.650250
0.000000,6.651000
0.000000,6.651750
0.000000,6.652500
0.000000,6.653250
0.000000,6.654000
0.000000,6.654750
0.000000,6.655500
0.000000,6.656250
0.000000,6.657000
0.000000,6.657750
0.000000,6.658500
0.000000,6.659250
0.000000,6.660000
0.000000,6.660750
0.000000,6.661500
0.000000,6.662250
0.000000,6.663000
0.000000,6.663750
0.000000,6.664500
0.000000,6.665250
0.000000,6.666000
0.000000,6.666750
0.000000,6.667500
0.000000,6.668250
0.000000,6.669000
0.000000,6.669750
0.000000,6.670500
0.000000,6.671250
0.000000,6.672000
0.000000,6.672750
0.000000,6.673500
0.000000,6.674250
0.000000,6.675000
0.000000,6.675750
0.000000,6.676500
0.000000,6.677250
0.000000,6.678000
0.000000,6.678750
0.000000,6.679500
0.000000,6.680250
0.000000,6.681000
0.000000,6.681750
0.000000,6.682500
0.000000,6.683250
0.000000,6.684000
0.000000,6.684750
0.000000,6.685500
0.000000,6.686250
0.000000,6.687000
0.000000,6.687750
0.000000,6.688500
0.000000,6.689250
0.000000,6.690000
0.000000,6.690750
0.000000,6.691500
0.000000,6.692250
0.000000,6.693000
0.000000,6.693750
0.000000,6.694500
0.000000,6.695250
0.000000,6.696000
0.000000,6.696750
0.000000,6.697500
0.000000,6.698250
0.000000,6.699000
0.000000,6.699750
0.000000,6.700500
0.000000,6.701250
0.000000,6.702000
0.000000,6.702750
0.000000,6.703500
0.000000,6.704250
0.000000,6.705000
0.000000,6.705750
0.000000,6.706500
0.000000,6.707250
0.000000,6.708000
0.000000,6.708750
0.000000,6.709500
0.000000,6.710250
0.000000,6.711000
0.000000,6.711750
0.000000,6.712500
0.000000,6.713250
0.000000,6.714000
0.000000,6.714750
0.000000,6.715500
0.000000,6.716250
0.000000,6.717000
0.000000,6.717750
0.000000,6.718500
0.000000,6.719250
0.000000,6.720000
0.000000,6.720750
0.000000,6.721500
0.000000,6.722250
0.000000,6.723000
0.000000,6.723750
0.000000,6.724500
0.000000,6.725250
0.000000,6.726000
0.000000,6.726750
0.000000,6.727500
0.000000,6.728250
0.000000,6.729000
0.000000,6.729750
0.000000,6.730500
0.000000,6.731250
0.000000,6.732000
0.000000,6.732750
0.000000,6.733500
0.000000,6.734250
0.000000,6.735000
0.000000,6.735750
0.000000,6.736500
0.000000,6.737250
0.000000,6.738000
0.000000,6.738750
0.000000,6.739500
0.000000,6.740250
0.000000,6.741000
0.000000,6.741750
0.000000,6.742500
0.000000,6.743250
0.000000,6.744000
0.000000,6.744750
0.000000,6.745500
0.000000,6.746250
0.000000,6.747000
0.000000,6.747750
0.000000,6.748500
0.000000,6.749250
0.000000,6.750000
0.000000,6.750750
0.000000,6.751500
0.000000,6.752250
0.000000,6.753000
0.000000,6.753750
0.000000,6.754500
0.000000,6.755250
0.000000,6.756000
0.000000,6.756750
0.000000,6.757500
0.000000,6.758250
0.000000,6.759000
0.000000,6.759750
0.000000,6.760500
0.000000,6.761250
0.000000,6.762000
0.000000,6.762750
0.000000,6.763500
0.000000,6.764250
0.000000,6.765000
0.000000,6.765750
0.000000,6.766500
0.000000,6.767250
0.000000,6.768000
0.000000,6.768750
0.000000,6.769500
0.000000,6.770250
0.000000,6.771000
0.000000,6.771750
0.000000,6.772500
0.000000,6.773250
0.000000,6.774000
0.000000,6.774750
0.000000,6.775500
0.000000,6.776250
0.000000,6.777000
0.000000,6.777750
0.000000,6.778500
0.000000,6.779250
0.000000,6.780000
0.000000,6.780750
0.000000,6.781500
0.000000,6.782250
0.000000,6.783000
0.000000,6.783750
0.000000,6.784500
0.000000,6.785250
0.000000,6.786000
0.000000,6.786750
0.000000,6.787500
0.000000,6.788250
0.000000,6.789000
0.000000,6.789750
0.000000,6.790500
0.000000,6.791250
0.000000,6.792000
0.000000,6.792750
0.000000,6.793500
0.000000,6.794250
0.000000,6.795000
0.000000,6.795750
0.000000,6.796500
0.000000,6.797250
0.000000,6.798000
0.000000,6.798750
0.000000,6.799500
0.000000,6.800250
0.000000,6.801000
0.000000,6.801750
0.000000,6.802500
0.000000,6.803250
0.000000,6.804000
0.000000,6.804750
0.000000,6.805500
0.000000,6.806250
0.000000,6.807000
0.000000,6.807750
0.000000,6.808500
0.000000,6.809250
0.000000,6.810000
0.000000,6.810750
0.000000,6.811500
0.000000,6.812250
0.000000,6.813000
0.000000,6.813750
0.000000,6.814500
0.000000,6.815250
0.000000,6.816000
0.000000,6.816750
0.000000,6.817500
0.000000,6.818250
0.000000,6.819000
0.000000,6.819750
0.000000,6.820500
0.000000,6.821250
0.000000,6.822000
0.000000,6.822750
0.000000,6.823500
0.000000,6.824250
0.000000,6.825000
0.000000,6.825750
0.000000,6.826500
0.000000,6.827250
0.000000,6.828000
0.000000,6.828750
0.000000,6.829500
0.000000,6.830250
0.000000,6.831000
0.000000,6.831750
0.000000,6.832500
0.000000,6.833250
0.000000,6.834000
0.000000,6.834750
0.000000,6.835500
0.000000,6.836250
0.000000,6.837000
0.000000,6.837750
0.000000,6.838500
0.000000,6.839250
0.000000,6.840000
0.000000,6.840750
0.000000,6.841500
0.000000,6.842250
0.000000,6.843000
0.000000,6.843750
0.000000,6.844500
0.000000,6.845250
0.000000,6.846000
0.000000,6.846750
0.000000,6.847500
0.000000,6.848250
0.000000,6.849000
0.000000,6.849750
0.000000,6.850500
0.000000,6.851250
0.000000,6.852000
0.000000,6.852750
0.000000,6.853500
0.000000,6.854250
0.000000,6.855000
0.000000,6.855750
0.000000,6.856500
0.000000,6.857250
0.000000,6.858000
0.000000,6.858750
0.000000,6.859500
0.000000,6.860250
0.000000,6.861000
0.000000,6.861750
0.000000,6.862500
0.000000,6.863250
0.000000,6.864000
0.000000,6.864750
0.000000,6.865500
0.000000,6.866250
0.000000,6.867000
0.000000,6.867750
0.000000,6.868500
0.000000,6.869250
0.000000,6.870000
0.000000,6.870750
0.000000,6.871500
0.000000,6.872250
0.000000,6.873000
0.000000,6.873750
0.000000,6.874500
0.000000,6.875250
0.000000,6.876000
0.000000,6.876750
0.000000,6.877500
0.000000,6.878250
0.000000,6.879000
0.000000,6.879750
0.000000,6.880500
0.000000,6.881250
0.000000,6.882000
0.000000,6.882750
0.000000,6.883500
0.000000,6.884250
0.000000,6.885000
0.000000,6.885750
0.000000,6.886500
0.000000,6.887250
0.000000,6.888000
0.000000,6.888750
0.000000,6.889500
0.000000,6.890250
0.000000,6.891000
0.000000,6.891750
0.000000,6.892500
0.000000,6.893250
0.000000,6.894000
0.000000,6.894750
0.000000,6.895500
0.000000,6.896250
0.000000,6.897000
0.000000,6.897750
0.000000,6.898500
0.000000,6.899250
0.000000,6.900000
0.000000,6.900750
0.000000,6.901500
0.000000,6.902250
0.000000,6.903000
0.000000,6.903750
0.000000,6.904500
0.000000,6.905250
0.000000,6.906000
0.000000,6.906750
0.000000,6.907500
0.000000,6.908250
0.000000,6.909000
0.000000,6.909750
0.000000,6.910500
0.000000,6.911250
0.000000,6.912000
0.000000,6.912750
0.000000,6.913500
0.000000,6.914250
0.000000,6.915000
0.000000,6.915750
0.000000,6.916500
0.000000,6.917250
0.000000,6.918000
0.000000,6.918750
0.000000,6.919500
0.000000,6.920250
0.000000,6.921000
0.000000,6.921750
0.000000,6.922500
0.000000,6.923250
0.000000,6.924000
0.000000,6.924750
0.000000,6.925500
0.000000,6.926250
0.000000,6.927000
0.000000,6.927750
0.000000,6.928500
0.000000,6.929250
0.000000,6.930000
0.000000,6.930750
0.000000,6.931500
0.000000,6.932250
0.000000,6.933000
0.000000,6.933750
0.000000,6.934500
0.000000,6.935250
0.000000,6.936000
0.000000,6.936750
0.000000,6.937500
0.000000,6.938250
0.000000,6.939000
0.000000,6.939750
0.000000,6.940500
0.000000,6.941250
0.000000,6.942000
0.000000,6.942750
0.000000,6.943500
0.000000,6.944250
0.000000,6.945000
0.000000,6.945750
0.000000,6.946500
0.000000,6.947250
0.000000,6.948000
0.000000,6.948750
0.000000,6.949500
0.000000,6.950250
0.000000,6.951000
0.000000,6.951750
0.000000,6.952500
0.000000,6.953250
0.000000,6.954000
0.000000,6.954750
0.000000,6.955500
0.000000,6.956250
0.000000,6.957000
0.000000,6.957750
0.000000,6.958500
0.000000,6.959250
0.000000,6.960000
0.000000,6.960750
0.000000,6.961500
0.000000,6.962250
0.000000,6.963000
0.000000,6.963750
0.000000,6.964500
0.000000,6.965250
0.000000,6.966000
0.000000,6.966750
0.000000,6.967500
0.000000,6.968250
0.000000,6.969000
0.000000,6.969750
0.000000,6.970500
0.000000,6.971250
0.000000,6.972000
0.000000,6.972750
0.000000,6.973500
0.000000,6.974250
0.000000,6.975000
0.000000,6.975750
0.000000,6.976500
0.000000,6.977250
0.000000,6.978000
0.000000,6.978750
0.000000,6.979500
0.000000,6.980250
0.000000,6.981000
0.000000,6.981750
0.000000,6.982500
0.000000,6.983250
0.000000,6.984000
0.000000,6.984750
0.000000,6.985500
0.000000,6.986250
0.000000,6.987000
0.000000,6.987750
0.000000,6.988500
0.000000,6.989250
0.000000,6.990000
0.000000,6.990750
0.000000,6.991500
0.000000,6.992250
0.000000,6.993000
0.000000,6.993750
0.000000,6.994500
0.000000,6.995250
0.000000,6.996000
0.000000,6.996750
0.000000,6.997500
0.000000,6.998250
0.000000,6.999000
0.000000,6.999750
0.000000,7.000500
0.000000,7.001250
0.000000,7.002000
0.000000,7.002750
0.000000,7.003500
0.000000,7.004250
0.000000,7.005000
0.000000,7.005750
0.000000,7.006500
0.000000,7.007250
0.000000,7.008000
0.000000,7.008750
0.000000,7.009500
0.000000,7.010250
0.000000,7.011000
0.000000,7.011750
0.000000,7.012500
0.000000,7.013250
0.000000,7.014000
0.000000,7.014750
0.000000,7.015500
0.000000,7.016250
0.000000,7.017000
0.000000,7.017750
0.000000,7.018500
0.000000,7.019250
0.000000,7.020000
0.000000,7.020750
0.000000,7.021500
0.000000,7.022250
0.000000,7.023000
0.000000,7.023750
0.000000,7.024500
0.000000,7.025250
0.000000,7.026000
0.000000,7.026750
0.000000,7.027500
0.000000,7.028250
0.000000,7.029000
0.000000,7.029750
0.000000,7.030500
0.000000,7.031250
0.000000,7.032000
0.000000,7.032750
0.000000,7.033500
0.000000,7.034250
0.000000,7.035000
0.000000,7.035750
0.000000,7.036500
0.000000,7.037250
0.000000,7.038000
0.000000,7.038750
0.000000,7.039500
0.000000,7.040250
0.000000,7.041000
0.000000,7.041750
0.000000,7.042500
0.000000,7.043250
0.000000,7.044000
0.000000,7.044750
0.000000,7.045500
0.000000,7.046250
0.000000,7.047000
0.000000,7.047750
0.000000,7.048500
0.000000,7.049250
0.000000,7.050000
0.000000,7.050750
0.000000,7.051500
0.000000,7.052250
0.000000,7.053000
0.000000,7.053750
0.000000,7.054500
0.000000,7.055250
0.000000,7.056000
0.000000,7.056750
0.000000,7.057500
0.000000,7.058250
0.000000,7.059000
0.000000,7.059750
0.000000,7.060500
0.000000,7.061250
0.000000,7.062000
0.000000,7.062750
0.000000,7.063500
0.000000,7.064250
0.000000,7.065000
0.000000,7.065750
0.000000,7.066500
0.000000,7.067250
0.000000,7.068000
0.000000,7.068750
0.000000,7.069500
0.000000,7.070250
0.000000,7.071000
0.000000,7.071750
0.000000,7.072500
0.000000,7.073250
0.000000,7.074000
0.000000,7.074750
0.000000,7.075500
0.000000,7.076250
0.000000,7.077000
0.000000,7.077750
0.000000,7.078500
0.000000,7.079250
0.000000,7.080000
0.000000,7.080750
0.000000,7.081500
0.000000,7.082250
0.000000,7.083000
0.000000,7.083750
0.000000,7.084500
0.000000,7.085250
0.000000,7.086000
0.000000,7.086750
0.000000,7.087500
0.000000,7.088250
0.000000,7.089000
0.000000,7.089750
0.000000,7.090500
0.000000,7.091250
0.000000,7.092000
0.000000,7.092750
0.000000,7.093500
0.000000,7.094250
0.000000,7.095000
0.000000,7.095750
0.000000,7.096500
0.000000,7.097250
0.000000,7.098000
0.000000,7.098750
0.000000,7.099500
0.000000,7.100250
0.000000,7.101000
0.000000,7.101750
0.000000,7.102500
0.000000,7.103250
0.000000,7.104000
0.000000,7.104750
0.000000,7.105500
0.000000,7.106250
0.000000,7.107000
0.000000,7.107750
0.000000,7.108500
0.000000,7.109250
0.000000,7.110000
0.000000,7.110750
0.000000,7.111500
0.000000,7.112250
0.000000,7.113000
0.000000,7.113750
0.000000,7.114500
0.000000,7.115250
0.000000,7.116000
0.000000,7.116750
0.000000,7.117500
0.000000,7.118250
0.000000,7.119000
0.000000,7.119750
0.000000,7.120500
0.000000,7.121250
0.000000,7.122000
0.000000,7.122750
0.000000,7.123500
0.000000,7.124250
0.000000,7.125000
0.000000,7.125750
0.000000,7.126500
0.000000,7.127250
0.000000,7.128000
0.000000,7.128750
0.000000,7.129500
0.000000,7.130250
0.000000,7.131000
0.000000,7.131750
0.000000,7.132500
0.000000,7.133250
0.000000,7.134000
0.000000,7.134750
0.000000,7.135500
0.000000,7.136250
0.000000,7.137000
0.000000,7.137750
0.000000,7.138500
0.000000,7.139250
0.000000,7.140000
0.000000,7.140750
0.000000,7.141500
0.000000,7.142250
0.000000,7.143000
0.000000,7.143750
0.000000,7.144500
0.000000,7.145250
0.000000,7.146000
0.000000,7.146750
0.000000,7.147500
0.000000,7.148250
0.000000,7.149000
0.000000,7.149750
0.000000,7.150500
0.000000,7.151250
0.000000,7.152000
0.000000,7.152750
0.000000,7.153500
0.000000,7.154250
0.000000,7.155000
0.000000,7.155750
0.000000,7.156500
0.000000,7.157250
0.000000,7.158000
0.000000,7.158750
0.000000,7.159500
0.000000,7.160250
0.000000,7.161000
0.000000,7.161750
0.000000,7.162500
0.000000,7.163250
0.000000,7.164000
0.000000,7.164750
0.000000,7.165500
0.000000,7.166250
0.000000,7.167000
0.000000,7.167750
0.000000,7.168500
0.000000,7.169250
0.000000,7.170000
0.000000,7.170750
0.000000,7.171500
0.000000,7.172250
0.000000,7.173000
0.000000,7.173750
0.000000,7.174500
0.000000,7.175250
0.000000,7.176000
0.000000,7.176750
0.000000,7.177500
0.000000,7.178250
0.000000,7.179000
0.000000,7.179750
0.000000,7.180500
0.000000,7.181250
0.000000,7.182000
0.000000,7.182750
0.000000,7.183500
0.000000,7.184250
0.000000,7.185000
0.000000,7.185750
0.000000,7.186500
0.000000,7.187250
0.000000,7.188000
0.000000,7.188750
0.000000,7.189500
0.000000,7.190250
0.000000,7.191000
0.000000,7.191750
0.000000,7.192500
0.000000,7.193250
0.000000,7.194000
0.000000,7.194750
0.000000,7.195500
0.000000,7.196250
0.000000,7.197000
0.000000,7.197750
0.000000,7.198500
0.000000,7.199250
0.000000,7.200000
0.000000,7.200750
0.000000,7.201500
0.000000,7.202250
0.000000,7.203000
0.000000,7.203750
0.000000,7.204500
0.000000,7.205250
0.000000,7.206000
0.000000,7.206750
0.000000,7.207500
0.000000,7.208250
0.000000,7.209000
0.000000,7.209750
0.000000,7.210500
0.000000,7.211250
0.000000,7.212000
0.000000,7.212750
0.000000,7.213500
0.000000,7.214250
0.000000,7.215000
0.000000,7.215750
0.000000,7.216500
0.000000,7.217250
0.000000,7.218000
0.000000,7.218750
0.000000,7.219500
0.000000,7.220250
0.000000,7.221000
0.000000,7.221750
0.000000,7.222500
0.000000,7.223250
0.000000,7.224000
0.000000,7.224750
0.000000,7.225500
0.000000,7.226250
0.000000,7.227000
0.000000,7.227750
0.000000,7.228500
0.000000,7.229250
0.000000,7.230000
0.000000,7.230750
0.000000,7.231500
0.000000,7.232250
0.000000,7.233000
0.000000,7.233750
0.000000,7.234500
0.000000,7.235250
0.000000,7.236000
0.000000,7.236750
0.000000,7.237500
0.000000,7.238250
0.000000,7.239000
0.000000,7.239750
0.000000,7.240500
0.000000,7.241250
0.000000,7.242000
0.000000,7.242750
0.000000,7.243500
0.000000,7.244250
0.000000,7.245000
0.000000,7.245750
0.000000,7.246500
0.000000,7.247250
0.000000,7.248000
0.000000,7.248750
0.000000,7.249500
0.000000,7.250250
0.000000,7.251000
0.000000,7.251750
0.000000,7.252500
0.000000,7.253250
0.000000,7.254000
0.000000,7.254750
0.000000,7.255500
0.000000,7.256250
0.000000,7.257000
0.000000,7.257750
0.000000,7.258500
0.000000,7.259250
0.000000,7.260000
0.000000,7.260750
0.000000,7.261500
0.000000,7.262250
0.000000,7.263000
0.000000,7.263750
0.000000,7.264500
0.000000,7.265250
0.000000,7.266000
0.000000,7.266750
0.000000,7.267500
0.000000,7.268250
0.000000,7.269000
0.000000,7.269750
0.000000,7.270500
0.000000,7.271250
0.000000,7.272000
0.000000,7.272750
0.000000,7.273500
0.000000,7.274250
0.000000,7.275000
0.000000,7.275750
0.000000,7.276500
0.000000,7.277250
0.000000,7.278000
0.000000,7.278750
0.000000,7.279500
0.000000,7.280250
0.000000,7.281000
0.000000,7.281750
0.000000,7.282500
0.000000,7.283250
0.000000,7.284000
0.000000,7.284750
0.000000,7.285500
0.000000,7.286250
0.000000,7.287000
0.000000,7.287750
0.000000,7.288500
0.000000,7.289250
0.000000,7.290000
0.000000,7.290750
0.000000,7.291500
0.000000,7.292250
0.000000,7.293000
0.000000,7.293750
0.000000,7.294500
0.000000,7.295250
0.000000,7.296000
0.000000,7.296750
0.000000,7.297500
0.000000,7.298250
0.000000,7.299000
0.000000,7.299750
0.000000,7.300500
0.000000,7.301250
0.000000,7.302000
0.000000,7.302750
0.000000,7.303500
0.000000,7.304250
0.000000,7.305000
0.000000,7.305750
0.000000,7.306500
0.000000,7.307250
0.000000,7.308000
0.000000,7.308750
0.000000,7.309500
0.000000,7.310250
0.000000,7.311000
0.000000,7.311750
0.000000,7.312500
0.000000,7.313250
0.000000,7.314000
0.000000,7.314750
0.000000,7.315500
0.000000,7.316250
0.000000,7.317000
0.000000,7.317750
0.000000,7.318500
0.000000,7.319250
0.000000,7.320000
0.000000,7.320750
0.000000,7.321500
0.000000,7.322250
0.000000,7.323000
0.000000,7.323750
0.000000,7.324500
0.000000,7.325250
0.000000,7.326000
0.000000,7.326750
0.000000,7.327500
0.000000,7.328250
0.000000,7.329000
0.000000,7.329750
0.000000,7.330500
0.000000,7.331250
0.000000,7.332000
0.000000,7.332750
0.000000,7.333500
0.000000,7.334250
0.000000,7.335000
0.000000,7.335750
0.000000,7.336500
0.000000,7.337250
0.000000,7.338000
0.000000,7.338750
0.000000,7.339500
0.000000,7.340250
0.000000,7.341000
0.000000,7.341750
0.000000,7.342500
0.000000,7.343250
0.000000,7.344000
0.000000,7.344750
0.000000,7.345500
0.000000,7.346250
0.000000,7.347000
0.000000,7.347750
0.000000,7.348500
0.000000,7.349250
0.000000,7.350000
0.000000,7.350750
0.000000,7.351500
0.000000,7.352250
0.000000,7.353000
0.000000,7.353750
0.000000,7.354500
0.000000,7.355250
0.000000,7.356000
0.000000,7.356750
0.000000,7.357500
0.000000,7.358250
0.000000,7.359000
0.000000,7.359750
0.000000,7.360500
0.000000,7.361250
0.000000,7.362000
0.000000,7.362750
0.000000,7.363500
0.000000,7.364250
0.000000,7.365000
0.000000,7.365750
0.000000,7.366500
0.000000,7.367250
0.000000,7.368000
0.000000,7.368750
0.000000,7.369500
0.000000,7.370250
0.000000,7.371000
0.000000,7.371750
0.000000,7.372500
0.000000,7.373250
0.000000,7.374000
0.000000,7.374750
0.000000,7.375500
0.000000,7.376250
0.000000,7.377000
0.000000,7.377750
0.000000,7.378500
0.000000,7.379250
0.000000,7.380000
0.000000,7.380750
0.000000,7.381500
0.000000,7.382250
0.000000,7.383000
0.000000,7.383750
0.000000,7.384500
0.000000,7.385250
0.000000,7.386000
0.000000,7.386750
0.000000,7.387500
0.000000,7.388250
0.000000,7.389000
0.000000,7.389750
0.000000,7.390500
0.000000,7.391250
0.000000,7.392000
0.000000,7.392750
0.000000,7.393500
0.000000,7.394250
0.000000,7.395000
0.000000,7.395750
0.000000,7.396500
0.000000,7.397250
0.000000,7.398000
0.000000,7.398750
0.000000,7.399500
0.000000,7.400250
0.000000,7.401000
0.000000,7.401750
0.000000,7.402500
0.000000,7.403250
0.000000,7.404000
0.000000,7.404750
0.000000,7.405500
0.000000,7.406250
0.000000,7.407000
0.000000,7.407750
0.000000,7.408500
0.000000,7.409250
0.000000,7.410000
0.000000,7.410750
0.000000,7.411500
0.000000,7.412250
0.000000,7.413000
0.000000,7.413750
0.000000,7.414500
0.000000,7.415250
0.000000,7.416000
0.000000,7.416750
0.000000,7.417500
0.000000,7.418250
0.000000,7.419000
0.000000,7.419750
0.000000,7.420500
0.000000,7.421250
0.000000,7.422000
0.000000,7.422750
0.000000,7.423500
0.000000,7.424250
0.000000,7.425000
0.000000,7.425750
0.000000,7.426500
0.000000,7.427250
0.000000,7.428000
0.000000,7.428750
0.000000,7.429500
0.000000,7.430250
0.000000,7.431000
0.000000,7.431750
0.000000,7.432500
0.000000,7.433250
0.000000,7.434000
0.000000,7.434750
0.000000,7.435500
0.000000,7.436250
0.000000,7.437000
0.000000,7.437750
0.000000,7.438500
0.000000,7.439250
0.000000,7.440000
0.000000,7.440750
0.000000,7.441500
0.000000,7.442250
0.000000,7.443000
0.000000,7.443750
0.000000,7.444500
0.000000,7.445250
0.000000,7.446000
0.000000,7.446750
0.000000,7.447500
0.000000,7.448250
0.000000,7.449000
0.000000,7.449750
0.000000,7.450500
0.000000,7.451250
0.000000,7.452000
0.000000,7.452750
0.000000,7.453500
0.000000,7.454250
0.000000,7.455000
0.000000,7.455750
0.000000,7.456500
0.000000,7.457250
0.000000,7.458000
0.000000,7.458750
0.000000,7.459500
0.000000,7.460250
0.000000,7.461000
0.000000,7.461750
0.000000,7.462500
0.000000,7.463250
0.000000,7.464000
0.000000,7.464750
0.000000,7.465500
0.000000,7.466250
0.000000,7.467000
0.000000,7.467750
0.000000,7.468500
0.000000,7.469250
0.000000,7.470000
0.000000,7.470750
0.000000,7.471500
0.000000,7.472250
0.000000,7.473000
0.000000,7.473750
0.000000,7.474500
0.000000,7.475250
0.000000,7.476000
0.000000,7.476750
0.000000,7.477500
0.000000,7.478250
0.000000,7.479000
0.000000,7.479750
0.000000,7.480500
0.000000,7.481250
0.000000,7.482000
0.000000,7.482750
0.000000,7.483500
0.000000,7.484250
0.000000,7.485000
0.000000,7.485750
0.000000,7.486500
0.000000,7.487250
0.000000,7.488000
0.000000,7.488750
0.000000,7.489500
0.000000,7.490250
0.000000,7.491000
0.000000,7.491750
0.000000,7.492500
0.000000,7.493250
0.000000,7.494000
0.000000,7.494750
0.000000,7.495500
0.000000,7.496250
0.000000,7.497000
0.000000,7.497750
0.000000,7.498500
0.000000,7.499250
0.000000,7.500000
0.000000,7.500750
0.000000,0.000000
0.000000,0.000000
0.000000,0.000000
0.000000,0.000000
0.000000,0.000000
0.000000,0.000000
0.000000,0.000000
0.000000,0.000000
0.000000,0.000000
0.000000,0.000000
0.000000,0.000000
0.000000,0.000000
0.000000,0.000000
0.000000,0.000000
0.000000,0.000000
0.000000,0.000000
0.000000,0.000000
0.000000,0.000000
0.000000,0.000000
0.000000,0.000000
0.000000,0.000000
0.000000,0.000000
0.000000,0.000000
0.000000,0.000000
0.000000,0.000000
0.000000,0.000000
0.000000,0.000000
0.000000,0.000000
0.000000,0.000000
0.000000,0.000000
0.000000,0.000000
0.000000,0.000000
0.000000,0.000000
0.000000,0.000000
0.000000,0.000000
0.000000,0.000000
0.000000,0.000000
0.000000,0.000000
0.000000,0.000000
0.000000,0.000000
0.000000,0.000000
0.000000,0.000000
0.000000,0.000000
0.000000,0.000000
0.000000,0.000000
0.000000,0.000000
0.000000,0.000000
0.000000,0.000000
0.000000,0.000000
0.000000,0.000000
0.000000,0.000000
0.000000,0.000000
0.000000,0.000000
0.000000,0.000000
0.000000,0.000000
0.000000,0.000000
0.000000,0.000000
0.000000,0.000000
0.000000,0.000000
0.000000,0.000000
0.000000,0.000000
0.000000,0.000000
0.000000,0.000000
0.000000,0.000000
0.000000,0.000000
0.000000,0.000000
0.000000,0.000000
0.000000,0.000000
0.000000,0.000000
0.000000,0.000000
0.000000,0.000000
0.000000,0.000000
0.000000,0.000000
0.000000,0.000000
0.000000,0.000000
0.000000,0.000000
0.000000,0.000000
0.000000,0.000000
0.000000,0.000000
0.000000,0.000000
0.000000,0.000000
0.000000,0.000000
0.000000,0.000000
0.000000,0.000000
0.000000,0.000000
0.000000,0.000000
0.000000,0.000000
0.000000,0.000000
0.000000,0.000000
0.000000,0.000000
0.000000,0.000000
0.000000,0.000000
0.000000,0.000000
0.000000,0.000000
0.000000,0.000000
0.000000,0.000000
0.000000,0.000000
0.000000,0.000000
0.000000,0.000000
0.000000,0.000000
0.000000,0.000000
0.000000,0.000000
0.000000,0.000000
0.000000,0.000000
0.000000,0.000000
0.000000,0.000000
0.000000,0.000000
0.000000,0.000000
0.000000,0.000000
0.000000,0.000000
0.000000,0.000000
0.000000,0.000000
0.000000,0.000000
0.000000,0.000000
0.000000,0.000000
0.000000,0.000000
0.000000,0.000000
0.000000,0.000000
0.000000,0.000000
0.000000,0.000000
0.000000,0.000000
0.000000,0.000000
0.000000,0.000000
0.000000,0.000000
0.000000,0.000000
0.000000,0.000000
0.000000,0.000000
0.000000,0.000000
0.000000,0.000000
0.000000,0.000000
0.000000,0.000000
0.000000,0.000000
0.000000,0.000000
0.000000,0.000000
0.000000,0.000000
0.000000,0.000000
0.000000,0.000000
0.000000,0.000000
0.000000,0.000000
0.000000,0.000000
0.000000,0.000000
0.000000,0.000000
0.000000,0.000000
0.000000,0.000000
0.000000,0.000000
0.000000,0.000000
0.000000,0.000000
0.000000,0.000000
0.000000,0.000000
0.000000,0.000000
0.000000,0.000000
0.000000,0.000000
0.000000,0.000000
0.000000,0.000000
0.000000,0.000000
0.000000,0.000000
0.000000,0.000000
0.000000,0.000000
0.000000,0.000000
0.000000,0.000000
0.000000,0.000000
0.000000,0.000000
0.000000,0.000000
0.000000,0.000000
0.000000,0.000000
0.000000,0.000000
0.000000,0.000000
0.000000,0.000000
0.000000,0.000000
0.000000,0.000000
0.000000,0.000000
0.000000,0.000000
0.000000,0.000000
0.000000,0.000000
0.000000,0.000000
0.000000,0.000000
0.000000,0.000000
0.000000,0.000000
0.000000,0.000000
0.000000,0.000000
0.000000,0.000000
0.000000,0.000000
0.000000,0.000000
0.000000,0.000000
0.000000,0.000000
0.000000,0.000000
0.000000,0.000000
0.000000,0.000000
0.000000,0.000000
0.000000,0.000000
0.000000,0.000000
0.000000,0.000000
0.000000,0.000000
0.000000,0.000000
0.000000,0.000000
0.000000,0.000000
0.000000,0.000000
0.000000,0.000000
0.000000,0.000000
0.000000,0.000000
0.000000,0.000000
0.000000,0.000000
0.000000,0.000000
0.000000,0.000000
0.000000,0.000000
0.000000,0.000000
0.000000,0.000000
0.000000,0.000000
0.000000,0.000000
0.000000,0.000000
0.000000,0.000000
0.000000,0.000000
0.000000,0.000000
0.000000,0.000000
0.000000,0.000000
0.000000,0.000000
0.000000,0.000000
0.000000,0.000000
0.000000,0.000000
0.000000,0.000000
0.000000,0.000000
0.000000,0.000000
0.000000,0.000000
0.000000,0.000000
0.000000,0.000000
0.000000,0.000000
0.000000,0.000000
0.000000,0.000000
0.000000,0.000000
0.000000,0.000000
0.000000,0.000000
0.000000,0.000000
0.000000,0.000000
0.000000,0.000000
0.000000,0.000000
0.000000,0.000000
0.000000,0.000000
0.000000,0.000000
0.000000,0.000000
0.000000,0.000000
0.000000,0.000000
0.000000,0.000000
0.000000,0.000000
0.000000,0.000000
0.000000,0.000000
0.000000,0.000000
0.000000,0.000000
0.000000,0.000000
0.000000,0.000000
0.000000,0.000000
0.000000,0.000000
0.000000,0.000000
0.000000,0.000000
0.000000,0.000000
0.000000,0.000000
0.000000,0.000000
0.000000,0.000000
0.000000,0.000000
0.000000,0.000000
0.000000,0.000000
0.000000,0.000000
0.000000,0.000000
0.000000,0.000000
0.000000,0.000000
0.000000,0.000000
0.000000,0.000000
0.000000,0.000000
0.000000,0.000000
0.000000,0.000000
0.000000,0.000000
0.000000,0.000000
0.000000,0.000000
0.000000,0.000000
0.000000,0.000000
0.000000,0.000000
0.000000,0.000000
0.000000,0.000000
0.000000,0.000000
0.000000,0.000000
0.000000,0.000000
0.000000,0.000000
0.000000,0.000000
0.000000,0.000000
0.000000,0.000000
0.000000,0.000000
0.000000,0.000000
0.000000,0.000000
0.000000,0.000000
0.000000,0.000000
0.000000,0.000000
0.000000,0.000000
0.000000,0.000000
0.000000,0.000000
0.000000,0.000000
0.000000,0.000000
0.000000,0.000000
0.000000,0.000000
0.000000,0.000000
0.000000,0.000000
0.000000,0.000000
0.000000,0.000000
0.000000,0.000000
0.000000,0.000000
0.000000,0.000000
0.000000,0.000000
0.000000,0.000000
0.000000,0.000000
0.000000,0.000000
0.000000,0.000000
0.000000,0.000000
0.000000,0.000000
0.000000,0.000000
0.000000,0.000000
0.000000,0.000000
0.000000,0.000000
0.000000,0.000000
0.000000,0.000000
0.000000,0.000000
0.000000,0.000000
0.000000,0.000000
0.000000,0.000000
0.000000,0.000000
0.000000,0.000000
0.000000,0.000000
0.000000,0.000000
0.000000,0.000000
0.000000,0.000000
0.000000,0.000000
0.000000,0.000000
0.000000,0.000000
0.000000,0.000000
0.000000,0.000000
0.000000,0.000000
0.000000,0.000000
0.000000,0.000000
0.000000,0.000000
0.000000,0.000000
0.000000,0.000000
0.000000,0.000000
0.000000,0.000000
0.000000,0.000000
0.000000,0.000000
0.000000,0.000000
0.000000,0.000000
0.000000,0.000000
0.000000,0.000000
0.000000,0.000000
0.000000,0.000000
0.000000,0.000000
0.000000,0.000000
0.000000,0.000000
0.000000,0.000000
0.000000,0.000000
0.000000,0.000000
0.000000,0.000000
0.000000,0.000000
0.000000,0.000000
0.000000,0.000000
0.000000,0.000000
0.000000,0.000000
0.000000,0.000000
0.000000,0.000000
0.000000,0.000000
0.000000,0.000000
0.000000,0.000000
0.000000,0.000000
0.000000,0.000000
0.000000,0.000000
0.000000,0.000000
0.000000,0.000000
0.000000,0.000000
0.000000,0.000000
0.000000,0.000000
0.000000,0.000000
0.000000,0.000000
0.000000,0.000000
0.000000,0.000000
0.000000,0.000000
0.000000,0.000000
0.000000,0.000000
0.000000,0.000000
0.000000,0.000000
0.000000,0.000000
0.000000,0.000000
0.000000,0.000000
0.000000,0.000000
0.000000,0.000000
0.000000,0.000000
0.000000,0.000000
0.000000,0.000000
0.000000,0.000000
0.000000,0.000000
0.000000,0.000000
0.000000,0.000000
0.000000,0.000000
0.000000,0.000000
0.000000,0.000000
0.000000,0.000000
0.000000,0.000000
0.000000,0.000000
0.000000,0.000000
0.000000,0.000000
0.000000,0.000000
0.000000,0.000000
0.000000,0.000000
0.000000,0.000000
0.000000,0.000000
0.000000,0.000000
0.000000,0.000000
0.000000,0.000000
0.000000,0.000000
0.000000,0.000000
0.000000,0.000000
0.000000,0.000000
0.000000,0.000000
0.000000,0.000000
0.000000,0.000000
0.000000,0.000000
0.000000,0.000000
0.000000,0.000000
0.000000,0.000000
0.000000,0.000000
0.000000,0.000000
0.000000,0.000000
0.000000,0.000000
0.000000,0.000000
0.000000,0.000000
0.000000,0.000000
0.000000,0.000000
0.000000,0.000000
0.000000,0.000000
0.000000,0.000000
0.000000,0.000000
0.000000,0.000000
0.000000,0.000000
0.000000,0.000000
0.000000,0.000000
0.000000,0.000000
0.000000,0.000000
0.000000,0.000000
0.000000,0.000000
0.000000,0.000000
0.000000,0.000000
0.000000,0.000000
0.000000,0.000000
0.000000,0.000000
0.000000,0.000000
0.000000,0.000000
0.000000,0.000000
0.000000,0.000000
0.000000,0.000000
0.000000,0.000000
0.000000,0.000000
0.000000,0.000000
0.000000,0.000000
0.000000,0.000000
0.000000,0.000000
0.000000,0.000000
0.000000,0.000000
0.000000,0.000000
0.000000,0.000000
0.000000,0.000000
0.000000,0.000000
0.000000,0.000000
0.000000,0.000000
0.000000,0.000000
0.000000,0.000000
0.000000,0.000000
0.000000,0.000000
0.000000,0.000000
0.000000,0.000000
0.000000,0.000000
0.000000,0.000000
0.000000,0.000000
0.000000,0.000000
0.000000,0.000000
0.000000,0.000000
0.000000,0.000000
0.000000,0.000000
0.000000,0.000000
0.000000,0.000000
0.000000,0.000000
0.000000,0.000000
0.000000,0.000000
0.000000,0.000000
0.000000,0.000000
0.000000,0.000000
0.000000,0.000000
0.000000,0.000000
0.000000,0.000000
0.000000,0.000000
0.000000,0.000000
0.000000,0.000000
0.000000,0.000000
0.000000,0.000000
0.000000,0.000000
0.000000,0.000000
0.000000,0.000000
0.000000,0.000000
0.000000,0.000000
0.000000,0.000000
0.000000,0.000000
0.000000,0.000000
0.000000,0.000000
0.000000,0.000000
0.000000,0.000000
0.000000,0.000000
0.000000,0.000000
0.000000,0.000000
0.000000,0.000000
0.000000,0.000000
0.000000,0.000000
0.000000,0.000000
0.000000,0.000000
0.000000,0.000000
0.000000,0.000000
0.000000,0.000000
0.000000,0.000000
0.000000,0.000000
0.000000,0.000000
0.000000,0.000000
0.000000,0.000000
0.000000,0.000000
0.000000,0.000000
0.000000,0.000000
0.000000,0.000000
0.000000,0.000000
0.000000,0.000000
0.000000,0.000000
0.000000,0.000000
0.000000,0.000000
0.000000,0.000000
0.000000,0.000000
0.000000,0.000000
0.000000,0.000000
0.000000,0.000000
0.000000,0.000000
0.000000,0.000000
0.000000,0.000000
0.000000,0.000000
0.000000,0.000000
0.000000,0.000000
0.000000,0.000000
0.000000,0.000000
0.000000,0.000000
0.000000,0.000000
0.000000,0.000000
0.000000,0.000000
0.000000,0.000000
0.000000,0.000000
0.000000,0.000000
0.000000,0.000000
0.000000,0.000000
0.000000,0.000000
0.000000,0.000000
0.000000,0.000000
0.000000,0.000000
0.000000,0.000000
0.000000,0.000000
0.000000,0.000000
0.000000,0.000000
0.000000,0.000000
0.000000,0.000000
0.000000,0.000000
0.000000,0.000000
0.000000,0.000000
0.000000,0.000000
0.000000,0.000000
0.000000,0.000000
0.000000,0.000000
0.000000,0.000000
0.000000,0.000000
0.000000,0.000000
0.000000,0.000000
0.000000,0.000000
0.000000,0.000000
0.000000,0.000000
0.000000,0.000000
0.000000,0.000000
0.000000,0.000000
0.000000,0.000000
0.000000,0.000000
0.000000,0.000000
0.000000,0.000000
0.000000,0.000000
0.000000,0.000000
0.000000,0.000000
0.000000,0.000000
0.000000,0.000000
0.000000,0.000000
0.000000,0.000000
0.000000,0.000000
0.000000,0.000000
0.000000,0.000000
0.000000,0.000000
0.000000,0.000000
0.000000,0.000000
0.000000,0.000000
0.000000,0.000000
0.000000,0.000000
0.000000,0.000000
0.000000,0.000000
0.000000,0.000000
0.000000,0.000000
0.000000,0.000000
0.000000,0.000000
0.000000,0.000000
0.000000,0.000000
0.000000,0.000000
0.000000,0.000000
0.000000,0.000000
0.000000,0.000000
0.000000,0.000000
0.000000,0.000000
0.000000,0.000000
0.000000,0.000000
0.000000,0.000000
0.000000,0.000000
0.000000,0.000000
0.000000,0.000000
0.000000,0.000000
0.000000,0.000000
0.000000,0.000000
0.000000,0.000000
0.000000,0.000000
0.000000,0.000000
0.000000,0.000000
0.000000,0.000000
0.000000,0.000000
0.000000,0.000000
0.000000,0.000000
0.000000,0.000000
0.000000,0.000000
0.000000,0.000000
0.000000,0.000000
0.000000,0.000000
0.000000,0.000000
0.000000,0.000000
0.000000,0.000000
0.000000,0.000000
0.000000,0.000000
0.000000,0.000000
0.000000,0.000000
0.000000,0.000000
0.000000,0.000000
0.000000,0.000000
0.000000,0.000000
0.000000,0.000000
0.000000,0.000000
0.000000,0.000000
0.000000,0.000000
0.000000,0.000000
0.000000,0.000000
0.000000,0.000000
0.000000,0.000000
0.000000,0.000000
0.000000,0.000000
0.000000,0.000000
0.000000,0.000000
0.000000,0.000000
0.000000,0.000000
0.000000,0.000000
0.000000,0.000000
0.000000,0.000000
0.000000,0.000000
0.000000,0.000000
0.000000,0.000000
0.000000,0.000000
0.000000,0.000000
0.000000,0.000000
0.000000,0.000000
0.000000,0.000000
0.000000,0.000000
0.000000,0.000000
0.000000,0.000000
0.000000,0.000000
0.000000,0.000000
0.000000,0.000000
0.000000,0.000000
0.000000,0.000000
0.000000,0.000000
0.000000,0.000000
0.000000,0.000000
0.000000,0.000000
0.000000,0.000000
0.000000,0.000000
0.000000,0.000000
0.000000,0.000000
0.000000,0.000000
0.000000,0.000000
0.000000,0.000000
0.000000,0.000000
0.000000,0.000000
0.000000,0.000000
0.000000,0.000000
0.000000,0.000000
0.000000,0.000000
0.000000,0.000000
0.000000,0.000000
0.000000,0.000000
0.000000,0.000000
0.000000,0.000000
0.000000,0.000000
0.000000,0.000000
0.000000,0.000000
0.000000,0.000000
0.000000,0.000000
0.000000,0.000000
0.000000,0.000000
0.000000,0.000000
0.000000,0.000000
0.000000,0.000000
0.000000,0.000000
0.000000,0.000000
0.000000,0.000000
0.000000,0.000000
0.000000,0.000000
0.000000,0.000000
0.000000,0.000000
0.000000,0.000000
0.000000,0.000000
0.000000,0.000000
0.000000,0.000000
0.000000,0.000000
0.000000,0.000000
0.000000,0.000000
0.000000,0.000000
0.000000,0.000000
0.000000,0.000000
0.000000,0.000000
0.000000,0.000000
0.000000,0.000000
0.000000,0.000000
0.000000,0.000000
0.000000,0.000000
0.000000,0.000000
0.000000,0.000000
0.000000,0.000000
0.000000,0.000000
0.000000,0.000000
0.000000,0.000000
0.000000,0.000000
0.000000,0.000000
0.000000,0.000000
0.000000,0.000000
0.000000,0.000000
0.000000,0.000000
0.000000,0.000000
0.000000,0.000000
0.000000,0.000000
0.000000,0.000000
0.000000,0.000000
0.000000,0.000000
0.000000,0.000000
0.000000,0.000000
0.000000,0.000000
0.000000,0.000000
0.000000,0.000000
0.000000,0.000000
0.000000,0.000000
0.000000,0.000000
0.000000,0.000000
0.000000,0.000000
0.000000,0.000000
0.000000,0.000000
0.000000,0.000000
0.000000,0.000000
0.000000,0.000000
0.000000,0.000000
0.000000,0.000000
0.000000,0.000000
0.000000,0.000000
0.000000,0.000000
0.000000,0.000000
0.000000,0.000000
0.000000,0.000000
0.000000,0.000000
0.000000,0.000000
0.000000,0.000000
0.000000,0.000000
0.000000,0.000000
0.000000,0.000000
0.000000,0.000000
0.000000,0.000000
0.000000,0.000000
0.000000,0.000000
0.000000,0.000000
0.000000,0.000000
0.000000,0.000000
0.000000,0.000000
0.000000,0.000000
0.000000,0.000000
0.000000,0.000000
0.000000,0.000000
0.000000,0.000000
0.000000,0.000000
0.000000,0.000000
0.000000,0.000000
0.000000,0.000000
0.000000,0.000000
0.000000,0.000000
0.000000,0.000000
0.000000,0.000000
0.000000,0.000000
0.000000,0.000000
0.000000,0.000000
0.000000,0.000000
0.000000,0.000000
0.000000,0.000000
0.000000,0.000000
0.000000,0.000000
0.000000,0.000000
0.000000,0.000000
0.000000,0.000000
0.000000,0.000000
0.000000,0.000000
0.000000,0.000000
0.000000,0.000000
0.000000,0.000000
0.000000,0.000000
0.000000,0.000000
0.000000,0.000000
0.000000,0.000000
0.000000,0.000000
0.000000,0.000000
0.000000,0.000000
0.000000,0.000000
0.000000,0.000000
0.000000,0.000000
0.000000,0.000000
0.000000,0.000000
0.000000,0.000000
0.000000,0.000000
0.000000,0.000000
0.000000,0.000000
0.000000,0.000000
0.000000,0.000000
0.000000,0.000000
0.000000,0.000000
0.000000,0.000000
0.000000,0.000000
0.000000,0.000000
0.000000,0.000000
0.000000,0.000000
0.000000,0.000000
0.000000,0.000000
0.000000,0.000000
0.000000,0.000000
0.000000,0.000000
0.000000,0.000000
0.000000,0.000000
0.000000,0.000000
0.000000,0.000000
0.000000,0.000000
0.000000,0.000000
0.000000,0.000000
0.000000,0.000000
0.000000,0.000000
0.000000,0.000000
0.000000,0.000000
0.000000,0.000000
0.000000,0.000000
0.000000,0.000000
0.000000,0.000000
0.000000,0.000000
0.000000,0.000000
0.000000,0.000000
0.000000,0.000000
0.000000,0.000000
0.000000,0.000000
0.000000,0.000000
0.000000,0.000000
0.000000,0.000000
0.000000,0.000000
0.000000,0.000000
0.000000,0.000000
0.000000,0.000000
0.000000,0.000000
0.000000,0.000000
0.000000,0.000000
0.000000,0.000000
0.000000,0.000000
0.000000,0.000000
0.000000,0.000000
0.000000,0.000000
0.000000,0.000000
0.000000,0.000000
0.000000,0.000000
0.000000,0.000000
0.000000,0.000000
0.000000,0.000000
0.000000,0.000000
0.000000,0.000000
0.000000,0.000000
0.000000,0.000000
0.000000,0.000000
0.000000,0.000000
0.000000,0.000000
0.000000,0.000000
0.000000,0.000000
0.000000,0.000000
0.000000,0.000000
0.000000,0.000000
0.000000,0.000000
0.000000,0.000000
0.000000,0.000000
0.000000,0.000000
0.000000,0.000000
0.000000,0.000000
0.000000,0.000000
0.000000,0.000000
0.000000,0.000000
0.000000,0.000000
0.000000,0.000000
0.000000,0.000000
0.000000,0.000000
0.000000,0.000000
0.000000,0.000000
0.000000,0.000000
0.000000,0.000000
0.000000,0.000000
0.000000,0.000000
0.000000,0.000000
0.000000,0.000000
0.000000,0.000000
0.000000,0.000000
0.000000,0.000000
0.000000,0.000000
0.000000,0.000000
0.000000,0.000000
0.000000,0.000000
0.000000,0.000000
0.000000,0.000000
0.000000,0.000000
0.000000,0.000000
0.000000,0.000000
0.000000,0.000000
0.000000,0.000000
0.000000,0.000000
0.000000,0.000000
0.000000,0.000000
0.000000,0.000000
0.000000,0.000000
0.000000,0.000000
0.000000,0.000000
0.000000,0.000000
0.000000,0.000000
0.000000,0.000000
0.000000,0.000000
0.000000,0.000000
0.000000,0.000000
0.000000,0.000000
0.000000,0.000000
0.000000,0.000000
0.000000,0.000000
0.000000,0.000000
0.000000,0.000000
0.000000,0.000000
0.000000,0.000000
0.000000,0.000000
0.000000,0.000000
0.000000,0.000000
0.000000,0.000000
0.000000,0.000000
0.000000,0.000000
0.000000,0.000000
0.000000,0.000000
0.000000,0.000000
0.000000,0.000000
0.000000,0.000000
0.000000,0.000000
0.000000,0.000000
0.000000,0.000000
0.000000,0.000000
0.000000,0.000000
0.000000,0.000000
0.000000,0.000000
0.000000,0.000000
0.000000,0.000000
0.000000,0.000000
0.000000,0.000000
0.000000,0.000000
0.000000,0.000000
0.000000,0.000000
0.000000,0.000000
0.000000,0.000000
0.000000,0.000000
0.000000,0.000000
0.000000,0.000000
0.000000,0.000000
0.000000,0.000000
0.000000,0.000000
0.000000,0.000000
0.000000,0.000000
0.000000,0.000000
0.000000,0.000000
0.000000,0.000000
0.000000,0.000000
0.000000,0.000000
0.000000,0.000000
0.000000,0.000000
0.000000,0.000000
0.000000,0.000000
0.000000,0.000000
0.000000,0.000000
0.000000,0.000000
0.000000,0.000000
0.000000,0.000000
0.000000,0.000000
0.000000,0.000000
0.000000,0.000000
0.000000,0.000000
0.000000,0.000000
0.000000,0.000000
0.000000,0.000000
0.000000,0.000000
0.000000,0.000000
0.000000,0.000000
0.000000,0.000000
0.000000,0.000000
0.000000,0.000000
0.000000,0.000000
0.000000,0.000000
0.000000,0.000000
0.000000,0.000000
0.000000,0.000000
0.000000,0.000000
0.000000,0.000000
0.000000,0.000000
0.000000,0.000000
0.000000,0.000000
0.000000,0.000000
0.000000,0.000000
0.000000,0.000000
0.000000,0.000000
0.000000,0.000000
0.000000,0.000000
0.000000,0.000000
0.000000,0.000000
0.000000,0.000000
0.000000,0.000000
0.000000,0.000000
0.000000,0.000000
0.000000,0.000000
0.000000,0.000000
0.000000,0.000000
0.000000,0.000000
0.000000,0.000000
0.000000,0.000000
0.000000,0.000000
0.000000,0.000000
0.000000,0.000000
0.000000,0.000000
0.000000,0.000000
0.000000,0.000000
0.000000,0.000000
0.000000,0.000000
0.000000,0.000000
0.000000,0.000000
0.000000,0.000000
0.000000,0.000000
0.000000,0.000000
0.000000,0.000000
0.000000,0.000000
0.000000,0.000000
0.000000,0.000000
0.000000,0.000000
0.000000,0.000000
0.000000,0.000000
0.000000,0.000000
0.000000,0.000000
0.000000,0.000000
0.000000,0.000000
0.000000,0.000000
0.000000,0.000000
0.000000,0.000000
0.000000,0.000000
0.000000,0.000000
0.000000,0.000000
0.000000,0.000000
0.000000,0.000000
0.000000,0.000000
0.000000,0.000000
0.000000,0.000000
0.000000,0.000000
0.000000,0.000000
0.000000,0.000000
0.000000,0.000000
0.000000,0.000000
0.000000,0.000000
0.000000,0.000000
0.000000,0.000000
0.000000,0.000000
0.000000,0.000000
0.000000,0.000000
0.000000,0.000000
0.000000,0.000000
0.000000,0.000000
0.000000,0.000000
0.000000,0.000000
0.000000,0.000000
0.000000,0.000000
0.000000,0.000000
0.000000,0.000000
0.000000,0.000000
0.000000,0.000000
0.000000,0.000000
0.000000,0.000000
0.000000,0.000000
0.000000,0.000000
0.000000,0.000000
0.000000,0.000000
0.000000,0.000000
0.000000,0.000000
0.000000,0.000000
0.000000,0.000000
0.000000,0.000000
0.000000,0.000000
0.000000,0.000000
0.000000,0.000000
0.000000,0.000000
0.000000,0.000000
0.000000,0.000000
0.000000,0.000000
0.000000,0.000000
0.000000,0.000000
0.000000,0.000000
0.000000,0.000000
0.000000,0.000000
0.000000,0.000000
0.000000,0.000000
0.000000,0.000000
0.000000,0.000000
0.000000,0.000000
0.000000,0.000000
0.000000,0.000000
0.000000,0.000000
0.000000,0.000000
0.000000,0.000000
0.000000,0.000000
0.000000,0.000000
0.000000,0.000000
0.000000,0.000000
0.000000,0.000000
0.000000,0.000000
0.000000,0.000000
0.000000,0.000000
0.000000,0.000000
0.000000,0.000000
0.000000,0.000000
0.000000,0.000000
0.000000,0.000000
0.000000,0.000000
0.000000,0.000000
0.000000,0.000000
0.000000,0.000000
0.000000,0.000000
0.000000,0.000000
0.000000,0.000000
0.000000,0.000000
0.000000,0.000000
0.000000,0.000000
0.000000,0.000000
0.000000,0.000000
0.000000,0.000000
0.000000,0.000000
0.000000,0.000000
0.000000,0.000000
0.000000,0.000000
0.000000,0.000000
0.000000,0.000000
0.000000,0.000000
0.000000,0.000000
0.000000,0.000000
0.000000,0.000000
0.000000,0.000000
0.000000,0.000000
0.000000,0.000000
0.000000,0.000000
0.000000,0.000000
0.000000,0.000000
0.000000,0.000000
0.000000,0.000000
0.000000,0.000000
0.000000,0.000000
0.000000,0.000000
0.000000,0.000000
0.000000,0.000000
0.000000,0.000000
0.000000,0.000000
0.000000,0.000000
0.000000,0.000000
0.000000,0.000000
0.000000,0.000000
0.000000,0.000000
0.000000,0.000000
0.000000,0.000000
0.000000,0.000000
0.000000,0.000000
0.000000,0.000000
0.000000,0.000000
0.000000,0.000000
0.000000,0.000000
0.000000,0.000000
0.000000,0.000000
0.000000,0.000000
0.000000,0.000000
0.000000,0.000000
0.000000,0.000000
0.000000,0.000000
0.000000,0.000000
0.000000,0.000000
0.000000,0.000000
0.000000,0.000000
0.000000,0.000000
0.000000,0.000000
0.000000,0.000000
0.000000,0.000000
0.000000,0.000000
0.000000,0.000000
0.000000,0.000000
0.000000,0.000000
0.000000,0.000000
0.000000,0.000000
0.000000,0.000000
0.000000,0.000000
0.000000,0.000000
0.000000,0.000000
0.000000,0.000000
0.000000,0.000000
0.000000,0.000000
0.000000,0.000000
0.000000,0.000000
0.000000,0.000000
0.000000,0.000000
0.000000,0.000000
0.000000,0.000000
0.000000,0.000000
0.000000,0.000000
0.000000,0.000000
0.000000,0.000000
0.000000,0.000000
0.000000,0.000000
0.000000,0.000000
0.000000,0.000000
0.000000,0.000000
0.000000,0.000000
0.000000,0.000000
0.000000,0.000000
0.000000,0.000000
0.000000,0.000000
0.000000,0.000000
0.000000,0.000000
0.000000,0.000000
0.000000,0.000000
0.000000,0.000000
0.000000,0.000000
0.000000,0.000000
0.000000,0.000000
0.000000,0.000000
0.000000,0.000000
0.000000,0.000000
0.000000,0.000000
0.000000,0.000000
0.000000,0.000000
0.000000,0.000000
0.000000,0.000000
0.000000,0.000000
0.000000,0.000000
0.000000,0.000000
0.000000,0.000000
0.000000,0.000000
0.000000,0.000000
0.000000,0.000000
0.000000,0.000000
0.000000,0.000000
0.000000,0.000000
0.000000,0.000000
0.000000,0.000000
0.000000,0.000000
0.000000,0.000000
0.000000,0.000000
0.000000,0.000000
0.000000,0.000000
0.000000,0.000000
0.000000,0.000000
0.000000,0.000000
0.000000,0.000000
0.000000,0.000000
0.000000,0.000000
0.000000,0.000000
0.000000,0.000000
0.000000,0.000000
0.000000,0.000000
0.000000,0.000000
0.000000,0.000000
0.000000,0.000000
0.000000,0.000000
0.000000,0.000000
0.000000,0.000000
0.000000,0.000000
0.000000,0.000000
0.000000,0.000000
0.000000,0.000000
0.000000,0.000000
0.000000,0.000000
0.000000,0.000000
0.000000,0.000000
0.000000,0.000000
0.000000,0.000000
0.000000,0.000000
0.000000,0.000000
0.000000,0.000000
0.000000,0.000000
0.000000,0.000000
0.000000,0.000000
0.000000,0.000000
0.000000,0.000000
0.000000,0.000000
0.000000,0.000000
0.000000,0.000000
0.000000,0.000000
0.000000,0.000000
0.000000,0.000000
0.000000,0.000000
0.000000,0.000000
0.000000,0.000000
0.000000,0.000000
0.000000,0.000000
0.000000,0.000000
0.000000,0.000000
0.000000,0.000000
0.000000,0.000000
0.000000,0.000000
0.000000,0.000000
0.000000,0.000000
0.000000,0.000000
0.000000,0.000000
0.000000,0.000000
0.000000,0.000000
0.000000,0.000000
0.000000,0.000000
0.000000,0.000000
0.000000,0.000000
0.000000,0.000000
0.000000,0.000000
0.000000,0.000000
0.000000,0.000000
0.000000,0.000000
0.000000,0.000000
0.000000,0.000000
0.000000,0.000000
0.000000,0.000000
0.000000,0.000000
0.000000,0.000000
0.000000,0.000000
0.000000,0.000000
0.000000,0.000000
0.000000,0.000000
0.000000,0.000000
0.000000,0.000000
0.000000,0.000000
0.000000,0.000000
0.000000,0.000000
0.000000,0.000000
0.000000,0.000000
0.000000,0.000000
0.000000,0.000000
0.000000,0.000000
0.000000,0.000000
0.000000,0.000000
0.000000,0.000000
0.000000,0.000000
0.000000,0.000000
0.000000,0.000000
0.000000,0.000000
0.000000,0.000000
0.000000,0.000000
0.000000,0.000000
0.000000,0.000000
0.000000,0.000000
0.000000,0.000000
0.000000,0.000000
0.000000,0.000000
0.000000,0.000000
0.000000,0.000000
0.000000,0.000000
0.000000,0.000000
0.000000,0.000000
0.000000,0.000000
0.000000,0.000000
0.000000,0.000000
0.000000,0.000000
0.000000,0.000000
0.000000,0.000000
0.000000,0.000000
0.000000,0.000000
0.000000,0.000000
0.000000,0.000000
0.000000,0.000000
0.000000,0.000000
0.000000,0.000000
0.000000,0.000000
0.000000,0.000000
0.000000,0.000000
0.000000,0.000000
0.000000,0.000000
0.000000,0.000000
0.000000,0.000000
0.000000,0.000000
0.000000,0.000000
0.000000,0.000000
0.000000,0.000000
0.000000,0.000000
0.000000,0.000000
0.000000,0.000000
0.000000,0.000000
0.000000,0.000000
0.000000,0.000000
0.000000,0.000000
0.000000,0.000000
0.000000,0.000000
0.000000,0.000000
0.000000,0.000000
0.000000,0.000000
0.000000,0.000000
0.000000,0.000000
0.000000,0.000000
0.000000,0.000000
0.000000,0.000000
0.000000,0.000000
0.000000,0.000000
0.000000,0.000000
0.000000,0.000000
0.000000,0.000000
0.000000,0.000000
0.000000,0.000000
0.000000,0.000000
0.000000,0.000000
0.000000,0.000000
0.000000,0.000000
0.000000,0.000000
0.000000,0.000000
0.000000,0.000000
0.000000,0.000000
0.000000,0.000000
0.000000,0.000000
0.000000,0.000000
0.000000,0.000000
0.000000,0.000000
0.000000,0.000000
0.000000,0.000000
0.000000,0.000000
0.000000,0.000000
0.000000,0.000000
0.000000,0.000000
0.000000,0.000000
0.000000,0.000000
0.000000,0.000000
0.000000,0.000000
0.000000,0.000000
0.000000,0.000000
0.000000,0.000000
0.000000,0.000000
0.000000,0.000000
0.000000,0.000000
0.000000,0.000000
0.000000,0.000000
0.000000,0.000000
0.000000,0.000000
0.000000,0.000000
0.000000,0.000000
0.000000,0.000000
0.000000,0.000000
0.000000,0.000000
0.000000,0.000000
0.000000,0.000000
0.000000,0.000000
0.000000,0.000000
0.000000,0.000000
0.000000,0.000000
0.000000,0.000000
0.000000,0.000000
0.000000,0.000000
0.000000,0.000000
0.000000,0.000000
0.000000,0.000000
0.000000,0.000000
0.000000,0.000000
0.000000,0.000000
0.000000,0.000000
0.000000,0.000000
0.000000,0.000000
0.000000,0.000000
0.000000,0.000000
0.000000,0.000000
0.000000,0.000000
0.000000,0.000000
0.000000,0.000000
0.000000,0.000000
0.000000,0.000000
0.000000,0.000000
0.000000,0.000000
0.000000,0.000000
0.000000,0.000000
0.000000,0.000000
0.000000,0.000000
0.000000,0.000000
0.000000,0.000000
0.000000,0.000000
0.000000,0.000000
0.000000,0.000000
0.000000,0.000000
0.000000,0.000000
0.000000,0.000000
0.000000,0.000000
0.000000,0.000000
0.000000,0.000000
0.000000,0.000000
0.000000,0.000000
0.000000,0.000000
0.000000,0.000000
0.000000,0.000000
0.000000,0.000000
0.000000,0.000000
0.000000,0.000000
0.000000,0.000000
0.000000,0.000000
0.000000,0.000000
0.000000,0.000000
0.000000,0.000000
0.000000,0.000000
0.000000,0.000000
0.000000,0.000000
0.000000,0.000000
0.000000,0.000000
0.000000,0.000000
0.000000,0.000000
0.000000,0.000000
0.000000,0.000000
0.000000,0.000000
0.000000,0.000000
0.000000,0.000000
0.000000,0.000000
0.000000,0.000000
0.000000,0.000000
0.000000,0.000000
0.000000,0.000000
0.000000,0.000000
0.000000,0.000000
0.000000,0.000000
0.000000,0.000000
0.000000,0.000000
0.000000,0.000000
0.000000,0.000000
0.000000,0.000000
0.000000,0.000000
0.000000,0.000000
0.000000,0.000000
0.000000,0.000000
0.000000,0.000000
0.000000,0.000000
0.000000,0.000000
0.000000,0.000000
0.000000,0.000000
0.000000,0.000000
0.000000,0.000000
0.000000,0.000000
0.000000,0.000000
0.000000,0.000000
0.000000,0.000000
0.000000,0.000000
0.000000,0.000000
0.000000,0.000000
0.000000,0.000000
0.000000,0.000000
0.000000,0.000000
0.000000,0.000000
0.000000,0.000000
0.000000,0.000000
0.000000,0.000000
0.000000,0.000000
0.000000,0.000000
0.000000,0.000000
0.000000,0.000000
0.000000,0.000000
0.000000,0.000000
0.000000,0.000000
0.000000,0.000000
0.000000,0.000000
0.000000,0.000000
0.000000,0.000000
0.000000,0.000000
0.000000,0.000000
0.000000,0.000000
0.000000,0.000000
0.000000,0.000000
0.000000,0.000000
0.000000,0.000000
0.000000,0.000000
0.000000,0.000000
0.000000,0.000000
0.000000,0.000000
0.000000,0.000000
0.000000,0.000000
0.000000,0.000000
0.000000,0.000000
0.000000,0.000000
0.000000,0.000000
0.000000,0.000000
0.000000,0.000000
0.000000,0.000000
0.000000,0.000000
0.000000,0.000000
0.000000,0.000000
0.000000,0.000000
0.000000,0.000000
0.000000,0.000000
0.000000,0.000000
0.000000,0.000000
0.000000,0.000000
0.000000,0.000000
0.000000,0.000000
0.000000,0.000000
0.000000,0.000000
0.000000,0.000000
0.000000,0.000000
0.000000,0.000000
0.000000,0.000000
0.000000,0.000000
0.000000,0.000000
0.000000,0.000000
0.000000,0.000000
0.000000,0.000000
0.000000,0.000000
0.000000,0.000000
0.000000,0.000000
0.000000,0.000000
0.000000,0.000000
0.000000,0.000000
0.000000,0.000000
0.000000,0.000000
0.000000,0.000000
0.000000,0.000000
0.000000,0.000000
0.000000,0.000000
0.000000,0.000000
0.000000,0.000000
0.000000,0.000000
0.000000,0.000000
0.000000,0.000000
0.000000,0.000000
0.000000,0.000000
0.000000,0.000000
0.000000,0.000000
0.000000,0.000000
0.000000,0.000000
0.000000,0.000000
0.000000,0.000000
0.000000,0.000000
0.000000,0.000000
0.000000,0.000000
0.000000,0.000000
0.000000,0.000000
0.000000,0.000000
0.000000,0.000000
0.000000,0.000000
0.000000,0.000000
0.000000,0.000000
0.000000,0.000000
0.000000,0.000000
0.000000,0.000000
0.000000,0.000000
0.000000,0.000000
0.000000,0.000000
0.000000,0.000000
0.000000,0.000000
0.000000,0.000000
0.000000,0.000000
0.000000,0.000000
0.000000,0.000000
0.000000,0.000000
0.000000,0.000000
0.000000,0.000000
0.000000,0.000000
0.000000,0.000000
0.000000,0.000000
0.000000,0.000000
0.000000,0.000000
0.000000,0.000000
0.000000,0.000000
0.000000,0.000000
0.000000,0.000000
0.000000,0.000000
0.000000,0.000000
0.000000,0.000000
0.000000,0.000000
0.000000,0.000000
0.000000,0.000000
0.000000,0.000000
0.000000,0.000000
0.000000,0.000000
0.000000,0.000000
0.000000,0.000000
0.000000,0.000000
0.000000,0.000000
0.000000,0.000000
0.000000,0.000000
0.000000,0.000000
0.000000,0.000000
0.000000,0.000000
0.000000,0.000000
0.000000,0.000000
0.000000,0.000000
0.000000,0.000000
0.000000,0.000000
0.000000,0.000000
0.000000,0.000000
0.000000,0.000000
0.000000,0.000000
0.000000,0.000000
0.000000,0.000000
0.000000,0.000000
0.000000,0.000000
0.000000,0.000000
0.000000,0.000000
0.000000,0.000000
0.000000,0.000000
0.000000,0.000000
0.000000,0.000000
0.000000,0.000000
0.000000,0.000000
0.000000,0.000000
0.000000,0.000000
0.000000,0.000000
0.000000,0.000000
0.000000,0.000000
0.000000,0.000000
0.000000,0.000000
0.000000,0.000000
0.000000,0.000000
0.000000,0.000000
0.000000,0.000000
0.000000,0.000000
0.000000,0.000000
0.000000,0.000000
0.000000,0.000000
0.000000,0.000000
0.000000,0.000000
0.000000,0.000000
0.000000,0.000000
0.000000,0.000000
0.000000,0.000000
0.000000,0.000000
0.000000,0.000000
0.000000,0.000000
0.000000,0.000000
0.000000,0.000000
0.000000,0.000000
0.000000,0.000000
0.000000,0.000000
0.000000,0.000000
0.000000,0.000000
0.000000,0.000000
0.000000,0.000000
0.000000,0.000000
0.000000,0.000000
0.000000,0.000000
0.000000,0.000000
0.000000,0.000000
0.000000,0.000000
0.000000,0.000000
0.000000,0.000000
0.000000,0.000000
0.000000,0.000000
0.000000,0.000000
0.000000,0.000000
0.000000,0.000000
0.000000,0.000000
0.000000,0.000000
0.000000,0.000000
0.000000,0.000000
0.000000,0.000000
0.000000,0.000000
0.000000,0.000000
0.000000,0.000000
0.000000,0.000000
0.000000,0.000000
0.000000,0.000000
0.000000,0.000000
0.000000,0.000000
0.000000,0.000000
0.000000,0.000000
0.000000,0.000000
0.000000,0.000000
0.000000,0.000000
0.000000,0.000000
0.000000,0.000000
0.000000,0.000000
0.000000,0.000000
0.000000,0.000000
0.000000,0.000000
0.000000,0.000000
0.000000,0.000000
0.000000,0.000000
0.000000,0.000000
0.000000,0.000000
0.000000,0.000000
0.000000,0.000000
0.000000,0.000000
0.000000,0.000000
0.000000,0.000000
0.000000,0.000000
0.000000,0.000000
0.000000,0.000000
0.000000,0.000000
0.000000,0.000000
0.000000,0.000000
0.000000,0.000000
0.000000,0.000000
0.000000,0.000000
0.000000,0.000000
0.000000,0.000000
0.000000,0.000000
0.000000,0.000000
0.000000,0.000000
0.000000,0.000000
0.000000,0.000000
0.000000,0.000000
0.000000,0.000000
0.000000,0.000000
0.000000,0.000000
0.000000,0.000000
0.000000,0.000000
0.000000,0.000000
0.000000,0.000000
0.000000,0.000000
0.000000,0.000000
0.000000,0.000000
0.000000,0.000000
0.000000,0.000000
0.000000,0.000000
0.000000,0.000000
0.000000,0.000000
0.000000,0.000000
0.000000,0.000000
0.000000,0.000000
0.000000,0.000000
0.000000,0.000000
0.000000,0.000000
0.000000,0.000000
0.000000,0.000000
0.000000,0.000000
0.000000,0.000000
0.000000,0.000000
0.000000,0.000000
0.000000,0.000000
0.000000,0.000000
0.000000,0.000000
0.000000,0.000000
0.000000,0.000000
0.000000,0.000000
0.000000,0.000000
0.000000,0.000000
0.000000,0.000000
0.000000,0.000000
0.000000,0.000000
0.000000,0.000000
0.000000,0.000000
0.000000,0.000000
0.000000,0.000000
0.000000,0.000000
0.000000,0.000000
0.000000,0.000000
0.000000,0.000000
0.000000,0.000000
0.000000,0.000000
0.000000,0.000000
0.000000,0.000000
0.000000,0.000000
0.000000,0.000000
0.000000,0.000000
0.000000,0.000000
0.000000,0.000000
0.000000,0.000000
0.000000,0.000000
0.000000,0.000000
0.000000,0.000000
0.000000,0.000000
0.000000,0.000000
0.000000,0.000000
0.000000,0.000000
0.000000,0.000000
0.000000,0.000000
0.000000,0.000000
0.000000,0.000000
0.000000,0.000000
0.000000,0.000000
0.000000,0.000000
0.000000,0.000000
0.000000,0.000000
0.000000,0.000000
0.000000,0.000000
0.000000,0.000000
0.000000,0.000000
0.000000,0.000000
0.000000,0.000000
0.000000,0.000000
0.000000,0.000000
0.000000,0.000000
0.000000,0.000000
0.000000,0.000000
0.000000,0.000000
0.000000,0.000000
0.000000,0.000000
0.000000,0.000000
0.000000,0.000000
0.000000,0.000000
0.000000,0.000000
0.000000,0.000000
0.000000,0.000000
0.000000,0.000000
0.000000,0.000000
0.000000,0.000000
0.000000,0.000000
0.000000,0.000000
0.000000,0.000000
0.000000,0.000000
0.000000,0.000000
0.000000,0.000000
0.000000,0.000000
0.000000,0.000000
0.000000,0.000000
0.000000,0.000000
0.000000,0.000000
0.000000,0.000000
0.000000,0.000000
0.000000,0.000000
0.000000,0.000000
0.000000,0.000000
0.000000,0.000000
0.000000,0.000000
0.000000,0.000000
0.000000,0.000000
0.000000,0.000000
0.000000,0.000000
0.000000,0.000000
0.000000,0.000000
0.000000,0.000000
0.000000,0.000000
0.000000,0.000000
0.000000,0.000000
0.000000,0.000000
0.000000,0.000000
0.000000,0.000000
0.000000,0.000000
0.000000,0.000000
0.000000,0.000000
0.000000,0.000000
0.000000,0.000000
0.000000,0.000000
0.000000,0.000000
0.000000,0.000000
0.000000,0.000000
0.000000,0.000000
0.000000,0.000000
0.000000,0.000000
0.000000,0.000000
0.000000,0.000000
0.000000,0.000000
0.000000,0.000000
0.000000,0.000000
0.000000,0.000000
0.000000,0.000000
0.000000,0.000000
0.000000,0.000000
0.000000,0.000000
0.000000,0.000000
0.000000,0.000000
0.000000,0.000000
0.000000,0.000000
0.000000,0.000000
0.000000,0.000000
0.000000,0.000000
0.000000,0.000000
0.000000,0.000000
0.000000,0.000000
0.000000,0.000000
0.000000,0.000000
0.000000,0.000000
0.000000,0.000000
0.000000,0.000000
0.000000,0.000000
0.000000,0.000000
0.000000,0.000000
0.000000,0.000000
0.000000,0.000000
0.000000,0.000000
0.000000,0.000000
0.000000,0.000000
0.000000,0.000000
0.000000,0.000000
0.000000,0.000000
0.000000,0.000000
0.000000,0.000000
0.000000,0.000000
0.000000,0.000000
0.000000,0.000000
0.000000,0.000000
0.000000,0.000000
0.000000,0.000000
0.000000,0.000000
0.000000,0.000000
0.000000,0.000000
0.000000,0.000000
0.000000,0.000000
0.000000,0.000000
0.000000,0.000000
0.000000,0.000000
0.000000,0.000000
0.000000,0.000000
0.000000,0.000000
0.000000,0.000000
0.000000,0.000000
0.000000,0.000000
0.000000,0.000000
0.000000,0.000000
0.000000,0.000000
0.000000,0.000000
0.000000,0.000000
0.000000,0.000000
0.000000,0.000000
0.000000,0.000000
0.000000,0.000000
0.000000,0.000000
0.000000,0.000000
0.000000,0.000000
0.000000,0.000000
0.000000,0.000000
0.000000,0.000000
0.000000,0.000000
0.000000,0.000000
0.000000,0.000000
0.000000,0.000000
0.000000,0.000000
0.000000,0.000000
0.000000,0.000000
0.000000,0.000000
0.000000,0.000000
0.000000,0.000000
0.000000,0.000000
0.000000,0.000000
0.000000,0.000000
0.000000,0.000000
0.000000,0.000000
0.000000,0.000000
0.000000,0.000000
0.000000,0.000000
0.000000,0.000000
0.000000,0.000000
0.000000,0.000000
0.000000,0.000000
0.000000,0.000000
0.000000,0.000000
0.000000,0.000000
0.000000,0.000000
0.000000,0.000000
0.000000,0.000000
0.000000,0.000000
0.000000,0.000000
0.000000,0.000000
0.000000,0.000000
0.000000,0.000000
0.000000,0.000000
0.000000,0.000000
0.000000,0.000000
0.000000,0.000000
0.000000,0.000000
0.000000,0.000000
0.000000,0.000000
0.000000,0.000000
0.000000,0.000000
0.000000,0.000000
0.000000,0.000000
0.000000,0.000000
0.000000,0.000000
0.000000,0.000000
0.000000,0.000000
0.000000,0.000000
0.000000,0.000000
0.000000,0.000000
0.000000,0.000000
0.000000,0.000000
0.000000,0.000000
0.000000,0.000000
0.000000,0.000000
0.000000,0.000000
0.000000,0.000000
0.000000,0.000000
0.000000,0.000000
0.000000,0.000000
0.000000,0.000000
0.000000,0.000000
0.000000,0.000000
0.000000,0.000000
0.000000,0.000000
0.000000,0.000000
0.000000,0.000000
0.000000,0.000000
0.000000,0.000000
0.000000,0.000000
0.000000,0.000000
0.000000,0.000000
0.000000,0.000000
0.000000,0.000000
0.000000,0.000000
0.000000,0.000000
0.000000,0.000000
0.000000,0.000000
0.000000,0.000000
0.000000,0.000000
0.000000,0.000000
0.000000,0.000000
0.000000,0.000000
0.000000,0.000000
0.000000,0.000000
0.000000,0.000000
0.000000,0.000000
0.000000,0.000000
0.000000,0.000000
0.000000,0.000000
0.000000,0.000000
0.000000,0.000000
0.000000,0.000000
0.000000,0.000000
0.000000,0.000000
0.000000,0.000000
0.000000,0.000000
0.000000,0.000000
0.000000,0.000000
0.000000,0.000000
0.000000,0.000000
0.000000,0.000000
0.000000,0.000000
0.000000,0.000000
0.000000,0.000000
0.000000,0.000000
0.000000,0.000000
0.000000,0.000000
0.000000,0.000000
0.000000,0.000000
0.000000,0.000000
0.000000,0.000000
0.000000,0.000000
0.000000,0.000000
0.000000,0.000000
0.000000,0.000000
0.000000,0.000000
0.000000,0.000000
0.000000,0.000000
0.000000,0.000000
0.000000,0.000000
0.000000,0.000000
0.000000,0.000000
0.000000,0.000000
0.000000,0.000000
0.000000,0.000000
0.000000,0.000000
0.000000,0.000000
0.000000,0.000000
0.000000,0.000000
0.000000,0.000000
0.000000,0.000000
0.000000,0.000000
0.000000,0.000000
0.000000,0.000000
0.000000,0.000000
0.000000,0.000000
0.000000,0.000000
0.000000,0.000000
0.000000,0.000000
0.000000,0.000000
0.000000,0.000000
0.000000,0.000000
0.000000,0.000000
0.000000,0.000000
0.000000,0.000000
0.000000,0.000000
0.000000,0.000000
0.000000,0.000000
0.000000,0.000000
0.000000,0.000000
0.000000,0.000000
0.000000,0.000000
0.000000,0.000000
0.000000,0.000000
0.000000,0.000000
0.000000,0.000000
0.000000,0.000000
0.000000,0.000000
0.000000,0.000000
0.000000,0.000000
0.000000,0.000000
0.000000,0.000000
0.000000,0.000000
0.000000,0.000000
0.000000,0.000000
0.000000,0.000000
0.000000,0.000000
0.000000,0.000000
0.000000,0.000000
0.000000,0.000000
0.000000,0.000000
0.000000,0.000000
0.000000,0.000000
0.000000,0.000000
0.000000,0.000000
0.000000,0.000000
0.000000,0.000000
0.000000,0.000000
0.000000,0.000000
0.000000,0.000000
0.000000,0.000000
0.000000,0.000000
0.000000,0.000000
0.000000,0.000000
0.000000,0.000000
0.000000,0.000000
0.000000,0.000000
0.000000,0.000000
0.000000,0.000000
0.000000,0.000000
0.000000,0.000000
0.000000,0.000000
0.000000,0.000000
0.000000,0.000000
0.000000,0.000000
0.000000,0.000000
0.000000,0.000000
0.000000,0.000000
0.000000,0.000000
0.000000,0.000000
0.000000,0.000000
0.000000,0.000000
0.000000,0.000000
0.000000,0.000000
0.000000,0.000000
0.000000,0.000000
0.000000,0.000000
0.000000,0.000000
0.000000,0.000000
0.000000,0.000000
0.000000,0.000000
0.000000,0.000000
0.000000,0.000000
0.000000,0.000000
0.000000,0.000000
0.000000,0.000000
0.000000,0.000000
0.000000,0.000000
0.000000,0.000000
0.000000,0.000000
0.000000,0.000000
0.000000,0.000000
0.000000,0.000000
0.000000,0.000000
0.000000,0.000000
0.000000,0.000000
0.000000,0.000000
0.000000,0.000000
0.000000,0.000000
0.000000,0.000000
0.000000,0.000000
0.000000,0.000000
0.000000,0.000000
0.000000,0.000000
0.000000,0.000000
0.000000,0.000000
0.000000,0.000000
0.000000,0.000000
0.000000,0.000000
0.000000,0.000000
0.000000,0.000000
0.000000,0.000000
0.000000,0.000000
0.000000,0.000000
0.000000,0.000000
0.000000,0.000000
0.000000,0.000000
0.000000,0.000000
0.000000,0.000000
0.000000,0.000000
0.000000,0.000000
0.000000,0.000000
0.000000,0.000000
0.000000,0.000000
0.000000,0.000000
0.000000,0.000000
0.000000,0.000000
0.000000,0.000000
0.000000,0.000000
0.000000,0.000000
0.000000,0.000000
0.000000,0.000000
0.000000,0.000000
0.000000,0.000000
0.000000,0.000000
0.000000,0.000000
0.000000,0.000000
0.000000,0.000000
0.000000,0.000000
0.000000,0.000000
0.000000,0.000000
0.000000,0.000000
0.000000,0.000000
0.000000,0.000000
0.000000,0.000000
0.000000,0.000000
0.000000,0.000000
0.000000,0.000000
0.000000,0.000000
0.000000,0.000000
0.000000,0.000000
0.000000,0.000000
0.000000,0.000000
0.000000,0.000000
0.000000,0.000000
0.000000,0.000000
0.000000,0.000000
0.000000,0.000000
0.000000,0.000000
0.000000,0.000000
0.000000,0.000000
0.000000,0.000000
0.000000,0.000000
0.000000,0.000000
0.000000,0.000000
0.000000,0.000000
0.000000,0.000000
0.000000,0.000000
0.000000,0.000000
0.000000,0.000000
0.000000,0.000000
0.000000,0.000000
0.000000,0.000000
0.000000,0.000000
0.000000,0.000000
0.000000,0.000000
0.000000,0.000000
0.000000,0.000000
0.000000,0.000000
0.000000,0.000000
0.000000,0.000000
0.000000,0.000000
0.000000,0.000000
0.000000,0.000000
0.000000,0.000000
0.000000,0.000000
0.000000,0.000000
0.000000,0.000000
0.000000,0.000000
0.000000,0.000000
0.000000,0.000000
0.000000,0.000000
0.000000,0.000000
0.000000,0.000000
0.000000,0.000000
0.000000,0.000000
0.000000,0.000000
0.000000,0.000000
0.000000,0.000000
0.000000,0.000000
0.000000,0.000000
0.000000,0.000000
0.000000,0.000000
0.000000,0.000000
0.000000,0.000000
0.000000,0.000000
0.000000,0.000000
0.000000,0.000000
0.000000,0.000000
0.000000,0.000000
0.000000,0.000000
0.000000,0.000000
0.000000,0.000000
0.000000,0.000000
0.000000,0.000000
0.000000,0.000000
0.000000,0.000000
0.000000,0.000000
0.000000,0.000000
0.000000,0.000000
0.000000,0.000000
0.000000,0.000000
0.000000,0.000000
0.000000,0.000000
0.000000,0.000000
0.000000,0.000000
0.000000,0.000000
0.000000,0.000000
0.000000,0.000000
0.000000,0.000000
0.000000,0.000000
0.000000,0.000000
0.000000,0.000000
0.000000,0.000000
0.000000,0.000000
0.000000,0.000000
0.000000,0.000000
0.000000,0.000000
0.000000,0.000000
0.000000,0.000000
0.000000,0.000000
0.000000,0.000000
0.000000,0.000000
0.000000,0.000000
0.000000,0.000000
0.000000,0.000000
0.000000,0.000000
0.000000,0.000000
0.000000,0.000000
0.000000,0.000000
0.000000,0.000000
0.000000,0.000000
0.000000,0.000000
0.000000,0.000000
0.000000,0.000000
0.000000,0.000000
0.000000,0.000000
0.000000,0.000000
0.000000,0.000000
0.000000,0.000000
0.000000,0.000000
0.000000,0.000000
0.000000,0.000000
0.000000,0.000000
0.000000,0.000000
0.000000,0.000000
0.000000,0.000000
0.000000,0.000000
0.000000,0.000000
0.000000,0.000000
0.000000,0.000000
0.000000,0.000000
0.000000,0.000000
0.000000,0.000000
0.000000,0.000000
0.000000,0.000000
0.000000,0.000000
0.000000,0.000000
0.000000,0.000000
0.000000,0.000000
0.000000,0.000000
0.000000,0.000000
0.000000,0.000000
0.000000,0.000000
0.000000,0.000000
0.000000,0.000000
0.000000,0.000000
0.000000,0.000000
0.000000,0.000000
0.000000,0.000000
0.000000,0.000000
0.000000,0.000000
0.000000,0.000000
0.000000,0.000000
0.000000,0.000000
0.000000,0.000000
0.000000,0.000000
0.000000,0.000000
0.000000,0.000000
0.000000,0.000000
0.000000,0.000000
0.000000,0.000000
0.000000,0.000000
0.000000,0.000000
0.000000,0.000000
0.000000,0.000000
0.000000,0.000000
0.000000,0.000000
0.000000,0.000000
0.000000,0.000000
0.000000,0.000000
0.000000,0.000000
0.000000,0.000000
0.000000,0.000000
0.000000,0.000000
0.000000,0.000000
0.000000,0.000000
0.000000,0.000000
0.000000,0.000000
0.000000,0.000000
0.000000,0.000000
0.000000,0.000000
0.000000,0.000000
0.000000,0.000000
0.000000,0.000000
0.000000,0.000000
0.000000,0.000000
0.000000,0.000000
0.000000,0.000000
0.000000,0.000000
0.000000,0.000000
0.000000,0.000000
0.000000,0.000000
0.000000,0.000000
0.000000,0.000000
0.000000,0.000000
0.000000,0.000000
0.000000,0.000000
0.000000,0.000000
0.000000,0.000000
0.000000,0.000000
0.000000,0.000000
0.000000,0.000000
0.000000,0.000000
0.000000,0.000000
0.000000,0.000000
0.000000,0.000000
0.000000,0.000000
0.000000,0.000000
0.000000,0.000000
0.000000,0.000000
0.000000,0.000000
0.000000,0.000000
0.000000,0.000000
0.000000,0.000000
0.000000,0.000000
0.000000,0.000000
0.000000,0.000000
0.000000,0.000000
0.000000,0.000000
0.000000,0.000000
0.000000,0.000000
0.000000,0.000000
0.000000,0.000000
0.000000,0.000000
0.000000,0.000000
0.000000,0.000000
0.000000,0.000000
0.000000,0.000000
0.000000,0.000000
0.000000,0.000000
0.000000,0.000000
0.000000,0.000000
0.000000,0.000000
0.000000,0.000000
0.000000,0.000000
0.000000,0.000000
0.000000,0.000000
0.000000,0.000000
0.000000,0.000000
0.000000,0.000000
0.000000,0.000000
0.000000,0.000000
0.000000,0.000000
0.000000,0.000000
0.000000,0.000000
0.000000,0.000000
0.000000,0.000000
0.000000,0.000000
0.000000,0.000000
0.000000,0.000000
0.000000,0.000000
0.000000,0.000000
0.000000,0.000000
0.000000,0.000000
0.000000,0.000000
0.000000,0.000000
0.000000,0.000000
0.000000,0.000000
0.000000,0.000000
0.000000,0.000000
0.000000,0.000000
0.000000,0.000000
0.000000,0.000000
0.000000,0.000000
0.000000,0.000000
0.000000,0.000000
0.000000,0.000000
0.000000,0.000000
0.000000,0.000000
0.000000,0.000000
0.000000,0.000000
0.000000,0.000000
0.000000,0.000000
0.000000,0.000000
0.000000,0.000000
0.000000,0.000000
0.000000,0.000000
0.000000,0.000000
0.000000,0.000000
0.000000,0.000000
0.000000,0.000000
0.000000,0.000000
0.000000,0.000000
0.000000,0.000000
0.000000,0.000000
0.000000,0.000000
0.000000,0.000000
0.000000,0.000000
0.000000,0.000000
0.000000,0.000000
0.000000,0.000000
0.000000,0.000000
0.000000,0.000000
0.000000,0.000000
0.000000,0.000000
0.000000,0.000000
0.000000,0.000000
0.000000,0.000000
0.000000,0.000000
0.000000,0.000000
0.000000,0.000000
0.000000,0.000000
0.000000,0.000000
0.000000,0.000000
0.000000,0.000000
0.000000,0.000000
0.000000,0.000000
0.000000,0.000000
0.000000,0.000000
0.000000,0.000000
0.000000,0.000000
0.000000,0.000000
0.000000,0.000000
0.000000,0.000000
0.000000,0.000000
0.000000,0.000000
0.000000,0.000000
0.000000,0.000000
0.000000,0.000000
0.000000,0.000000
0.000000,0.000000
0.000000,0.000000
0.000000,0.000000
0.000000,0.000000
0.000000,0.000000
0.000000,0.000000
0.000000,0.000000
0.000000,0.000000
0.000000,0.000000
0.000000,0.000000
0.000000,0.000000
0.000000,0.000000
0.000000,0.000000
0.000000,0.000000
0.000000,0.000000
0.000000,0.000000
0.000000,0.000000
0.000000,0.000000
0.000000,0.000000
0.000000,0.000000
0.000000,0.000000
0.000000,0.000000
0.000000,0.000000
0.000000,0.000000
0.000000,0.000000
0.000000,0.000000
0.000000,0.000000
0.000000,0.000000
0.000000,0.000000
0.000000,0.000000
0.000000,0.000000
0.000000,0.000000
0.000000,0.000000
0.000000,0.000000
0.000000,0.000000
0.000000,0.000000
0.000000,0.000000
0.000000,0.000000
0.000000,0.000000
0.000000,0.000000
0.000000,0.000000
0.000000,0.000000
0.000000,0.000000
0.000000,0.000000
0.000000,0.000000
0.000000,0.000000
0.000000,0.000000
0.000000,0.000000
0.000000,0.000000
0.000000,0.000000
0.000000,0.000000
0.000000,0.000000
0.000000,0.000000
0.000000,0.000000
0.000000,0.000000
0.000000,0.000000
0.000000,0.000000
0.000000,0.000000
0.000000,0.000000
0.000000,0.000000
0.000000,0.000000
0.000000,0.000000
0.000000,0.000000
0.000000,0.000000
0.000000,0.000000
0.000000,0.000000
0.000000,0.000000
0.000000,0.000000
0.000000,0.000000
0.000000,0.000000
0.000000,0.000000
0.000000,0.000000
0.000000,0.000000
0.000000,0.000000
0.000000,0.000000
0.000000,0.000000
0.000000,0.000000
0.000000,0.000000
0.000000,0.000000
0.000000,0.000000
0.000000,0.000000
0.000000,0.000000
0.000000,0.000000
0.000000,0.000000
0.000000,0.000000
0.000000,0.000000
0.000000,0.000000
0.000000,0.000000
0.000000,0.000000
0.000000,0.000000
0.000000,0.000000
0.000000,0.000000
0.000000,0.000000
0.000000,0.000000
0.000000,0.000000
0.000000,0.000000
0.000000,0.000000
0.000000,0.000000
0.000000,0.000000
0.000000,0.000000
0.000000,0.000000
0.000000,0.000000
0.000000,0.000000
0.000000,0.000000
0.000000,0.000000
0.000000,0.000000
0.000000,0.000000
0.000000,0.000000
0.000000,0.000000
0.000000,0.000000
0.000000,0.000000
0.000000,0.000000
0.000000,0.000000
0.000000,0.000000
0.000000,0.000000
0.000000,0.000000
0.000000,0.000000
0.000000,0.000000
0.000000,0.000000
0.000000,0.000000
0.000000,0.000000
0.000000,0.000000
0.000000,0.000000
0.000000,0.000000
0.000000,0.000000
0.000000,0.000000
0.000000,0.000000
0.000000,0.000000
0.000000,0.000000
0.000000,0.000000
0.000000,0.000000
0.000000,0.000000
0.000000,0.000000
0.000000,0.000000
0.000000,0.000000
0.000000,0.000000
0.000000,0.000000
0.000000,0.000000
0.000000,0.000000
0.000000,0.000000
0.000000,0.000000
0.000000,0.000000
0.000000,0.000000
0.000000,0.000000
0.000000,0.000000
0.000000,0.000000
0.000000,0.000000
0.000000,0.000000
0.000000,0.000000
0.000000,0.000000
0.000000,0.000000
0.000000,0.000000
0.000000,0.000000
0.000000,0.000000
0.000000,0.000000
0.000000,0.000000
0.000000,0.000000
0.000000,0.000000
0.000000,0.000000
0.000000,0.000000
0.000000,0.000000
0.000000,0.000000
0.000000,0.000000
0.000000,0.000000
0.000000,0.000000
0.000000,0.000000
0.000000,0.000000
0.000000,0.000000
0.000000,0.000000
0.000000,0.000000
0.000000,0.000000
0.000000,0.000000
0.000000,0.000000
0.000000,0.000000
0.000000,0.000000
0.000000,0.000000
0.000000,0.000000
0.000000,0.000000
0.000000,0.000000
0.000000,0.000000
0.000000,0.000000
0.000000,0.000000
0.000000,0.000000
0.000000,0.000000
0.000000,0.000000
0.000000,0.000000
0.000000,0.000000
0.000000,0.000000
0.000000,0.000000
0.000000,0.000000
0.000000,0.000000
0.000000,0.000000
0.000000,0.000000
0.000000,0.000000
0.000000,0.000000
0.000000,0.000000
0.000000,0.000000
0.000000,0.000000
0.000000,0.000000
0.000000,0.000000
0.000000,0.000000
0.000000,0.000000
0.000000,0.000000
0.000000,0.000000
0.000000,0.000000
0.000000,0.000000
0.000000,0.000000
0.000000,0.000000
0.000000,0.000000
0.000000,0.000000
0.000000,0.000000
0.000000,0.000000
0.000000,0.000000
0.000000,0.000000
0.000000,0.000000
0.000000,0.000000
0.000000,0.000000
0.000000,0.000000
0.000000,0.000000
0.000000,0.000000
0.000000,0.000000
0.000000,0.000000
0.000000,0.000000
0.000000,0.000000
0.000000,0.000000
0.000000,0.000000
0.000000,0.000000
0.000000,0.000000
0.000000,0.000000
0.000000,0.000000
0.000000,0.000000
0.000000,0.000000
0.000000,0.000000
0.000000,0.000000
0.000000,0.000000
0.000000,0.000000
0.000000,0.000000
0.000000,0.000000
0.000000,0.000000
0.000000,0.000000
0.000000,0.000000
0.000000,0.000000
0.000000,0.000000
0.000000,0.000000
0.000000,0.000000
0.000000,0.000000
0.000000,0.000000
0.000000,0.000000
0.000000,0.000000
0.000000,0.000000
0.000000,0.000000
0.000000,0.000000
0.000000,0.000000
0.000000,0.000000
0.000000,0.000000
0.000000,0.000000
0.000000,0.000000
0.000000,0.000000
0.000000,0.000000
0.000000,0.000000
0.000000,0.000000
0.000000,0.000000
0.000000,0.000000
0.000000,0.000000
0.000000,0.000000
0.000000,0.000000
0.000000,0.000000
0.000000,0.000000
0.000000,0.000000
0.000000,0.000000
0.000000,0.000000
0.000000,0.000000
0.000000,0.000000
0.000000,0.000000
0.000000,0.000000
0.000000,0.000000
0.000000,0.000000
0.000000,0.000000
0.000000,0.000000
0.000000,0.000000
0.000000,0.000000
0.000000,0.000000
0.000000,0.000000
0.000000,0.000000
0.000000,0.000000
0.000000,0.000000
0.000000,0.000000
0.000000,0.000000
0.000000,0.000000
0.000000,0.000000
0.000000,0.000000
0.000000,0.000000
0.000000,0.000000
0.000000,0.000000
0.000000,0.000000
0.000000,0.000000
0.000000,0.000000
0.000000,0.000000
0.000000,0.000000
0.000000,0.000000
0.000000,0.000000
0.000000,0.000000
0.000000,0.000000
0.000000,0.000000
0.000000,0.000000
0.000000,0.000000
0.000000,0.000000
0.000000,0.000000
0.000000,0.000000
0.000000,0.000000
0.000000,0.000000
0.000000,0.000000
0.000000,0.000000
0.000000,0.000000
0.000000,0.000000
0.000000,0.000000
0.000000,0.000000
0.000000,0.000000
0.000000,0.000000
0.000000,0.000000
0.000000,0.000000
0.000000,0.000000
0.000000,0.000000
0.000000,0.000000
0.000000,0.000000
0.000000,0.000000
0.000000,0.000000
0.000000,0.000000
0.000000,0.000000
0.000000,0.000000
0.000000,0.000000
0.000000,0.000000
0.000000,0.000000
0.000000,0.000000
0.000000,0.000000
0.000000,0.000000
0.000000,0.000000
0.000000,0.000000
0.000000,0.000000
0.000000,0.000000
0.000000,0.000000
0.000000,0.000000
0.000000,0.000000
0.000000,0.000000
0.000000,0.000000
0.000000,0.000000
0.000000,0.000000
0.000000,0.000000
0.000000,0.000000
0.000000,0.000000
0.000000,0.000000
0.000000,0.000000
0.000000,0.000000
0.000000,0.000000
0.000000,0.000000
0.000000,0.000000
0.000000,0.000000
0.000000,0.000000
0.000000,0.000000
0.000000,0.000000
0.000000,0.000000
0.000000,0.000000
0.000000,0.000000
0.000000,0.000000
0.000000,0.000000
0.000000,0.000000
0.000000,0.000000
0.000000,0.000000
0.000000,0.000000
0.000000,0.000000
0.000000,0.000000
0.000000,0.000000
0.000000,0.000000
0.000000,0.000000
0.000000,0.000000
0.000000,0.000000
0.000000,0.000000
0.000000,0.000000
0.000000,0.000000
0.000000,0.000000
0.000000,0.000000
0.000000,0.000000
0.000000,0.000000
0.000000,0.000000
0.000000,0.000000
0.000000,0.000000
0.000000,0.000000
0.000000,0.000000
0.000000,0.000000
0.000000,0.000000
0.000000,0.000000
0.000000,0.000000
0.000000,0.000000
0.000000,0.000000
0.000000,0.000000
0.000000,0.000000
0.000000,0.000000
0.000000,0.000000
0.000000,0.000000
0.000000,0.000000
0.000000,0.000000
0.000000,0.000000
0.000000,0.000000
0.000000,0.000000
0.000000,0.000000
0.000000,0.000000
0.000000,0.000000
0.000000,0.000000
0.000000,0.000000
0.000000,0.000000
0.000000,0.000000
0.000000,0.000000
0.000000,0.000000
0.000000,0.000000
0.000000,0.000000
0.000000,0.000000
0.000000,0.000000
0.000000,0.000000
0.000000,0.000000
0.000000,0.000000
0.000000,0.000000
0.000000,0.000000
0.000000,0.000000
0.000000,0.000000
0.000000,0.000000
0.000000,0.000000
0.000000,0.000000
0.000000,0.000000
0.000000,0.000000
0.000000,0.000000
0.000000,0.000000
0.000000,0.000000
0.000000,0.000000
0.000000,0.000000
0.000000,0.000000
0.000000,0.000000
0.000000,0.000000
0.000000,0.000000
0.000000,0.000000
0.000000,0.000000
0.000000,0.000000
0.000000,0.000000
0.000000,0.000000
0.000000,0.000000
0.000000,0.000000
0.000000,0.000000
0.000000,0.000000
0.000000,0.000000
0.000000,0.000000
0.000000,0.000000
0.000000,0.000000
0.000000,0.000000
0.000000,0.000000
0.000000,0.000000
0.000000,0.000000
0.000000,0.000000
0.000000,0.000000
0.000000,0.000000
0.000000,0.000000
0.000000,0.000000
0.000000,0.000000
0.000000,0.000000
0.000000,0.000000
0.000000,0.000000
0.000000,0.000000
0.000000,0.000000
0.000000,0.000000
0.000000,0.000000
0.000000,0.000000
0.000000,0.000000
0.000000,0.000000
0.000000,0.000000
0.000000,0.000000
0.000000,0.000000
0.000000,0.000000
0.000000,0.000000
0.000000,0.000000
0.000000,0.000000
0.000000,0.000000
0.000000,0.000000
0.000000,0.000000
0.000000,0.000000
0.000000,0.000000
0.000000,0.000000
0.000000,0.000000
0.000000,0.000000
0.000000,0.000000
0.000000,0.000000
0.000000,0.000000
0.000000,0.000000
0.000000,0.000000
0.000000,0.000000
0.000000,0.000000
0.000000,0.000000
0.000000,0.000000
0.000000,0.000000
0.000000,0.000000
0.000000,0.000000
0.000000,0.000000
0.000000,0.000000
0.000000,0.000000
0.000000,0.000000
0.000000,0.000000
0.000000,0.000000
0.000000,0.000000
0.000000,0.000000
0.000000,0.000000
0.000000,0.000000
0.000000,0.000000
0.000000,0.000000
0.000000,0.000000
0.000000,0.000000
0.000000,0.000000
0.000000,0.000000
0.000000,0.000000
0.000000,0.000000
0.000000,0.000000
0.000000,0.000000
0.000000,0.000000
0.000000,0.000000
0.000000,0.000000
0.000000,0.000000
0.000000,0.000000
0.000000,0.000000
0.000000,0.000000
0.000000,0.000000
0.000000,0.000000
0.000000,0.000000
0.000000,0.000000
0.000000,0.000000
0.000000,0.000000
0.000000,0.000000
0.000000,0.000000
0.000000,0.000000
0.000000,0.000000
0.000000,0.000000
0.000000,0.000000
0.000000,0.000000
0.000000,0.000000
0.000000,0.000000
0.000000,0.000000
0.000000,0.000000
0.000000,0.000000
0.000000,0.000000
0.000000,0.000000
0.000000,0.000000
0.000000,0.000000
0.000000,0.000000
0.000000,0.000000
0.000000,0.000000
0.000000,0.000000
0.000000,0.000000
0.000000,0.000000
0.000000,0.000000
0.000000,0.000000
0.000000,0.000000
0.000000,0.000000
0.000000,0.000000
0.000000,0.000000
0.000000,0.000000
0.000000,0.000000
0.000000,0.000000
0.000000,0.000000
0.000000,0.000000
0.000000,0.000000
0.000000,0.000000
0.000000,0.000000
0.000000,0.000000
0.000000,0.000000
0.000000,0.000000
0.000000,0.000000
0.000000,0.000000
0.000000,0.000000
0.000000,0.000000
0.000000,0.000000
0.000000,0.000000
0.000000,0.000000
0.000000,0.000000
0.000000,0.000000
0.000000,0.000000
0.000000,0.000000
0.000000,0.000000
0.000000,0.000000
0.000000,0.000000
0.000000,0.000000
0.000000,0.000000
0.000000,0.000000
0.000000,0.000000
0.000000,0.000000
0.000000,0.000000
0.000000,0.000000
0.000000,0.000000
0.000000,0.000000
0.000000,0.000000
0.000000,0.000000
0.000000,0.000000
0.000000,0.000000
0.000000,0.000000
0.000000,0.000000
0.000000,0.000000
0.000000,0.000000
0.000000,0.000000
0.000000,0.000000
0.000000,0.000000
0.000000,0.000000
0.000000,0.000000
0.000000,0.000000
0.000000,0.000000
0.000000,0.000000
0.000000,0.000000
0.000000,0.000000
0.000000,0.000000
0.000000,0.000000
0.000000,0.000000
0.000000,0.000000
0.000000,0.000000
0.000000,0.000000
0.000000,0.000000
0.000000,0.000000
0.000000,0.000000
0.000000,0.000000
0.000000,0.000000
0.000000,0.000000
0.000000,0.000000
0.000000,0.000000
0.000000,0.000000
0.000000,0.000000
0.000000,0.000000
0.000000,0.000000
0.000000,0.000000
0.000000,0.000000
0.000000,0.000000
0.000000,0.000000
0.000000,0.000000
0.000000,0.000000
0.000000,0.000000
0.000000,0.000000
0.000000,0.000000
0.000000,0.000000
0.000000,0.000000
0.000000,0.000000
0.000000,0.000000
0.000000,0.000000
0.000000,0.000000
0.000000,0.000000
0.000000,0.000000
0.000000,0.000000
0.000000,0.000000
0.000000,0.000000
0.000000,0.000000
0.000000,0.000000
0.000000,0.000000
0.000000,0.000000
0.000000,0.000000
0.000000,0.000000
0.000000,0.000000
0.000000,0.000000
0.000000,0.000000
0.000000,0.000000
0.000000,0.000000
0.000000,0.000000
0.000000,0.000000
0.000000,0.000000
0.000000,0.000000
0.000000,0.000000
0.000000,0.000000
0.000000,0.000000
0.000000,0.000000
0.000000,0.000000
0.000000,0.000000
0.000000,0.000000
0.000000,0.000000
0.000000,0.000000
0.000000,0.000000
0.000000,0.000000
0.000000,0.000000
0.000000,0.000000
0.000000,0.000000
0.000000,0.000000
0.000000,0.000000
0.000000,0.000000
0.000000,0.000000
0.000000,0.000000
0.000000,0.000000
0.000000,0.000000
0.000000,0.000000
0.000000,0.000000
0.000000,0.000000
0.000000,0.000000
0.000000,0.000000
0.000000,0.000000
0.000000,0.000000
0.000000,0.000000
0.000000,0.000000
0.000000,0.000000
0.000000,0.000000
0.000000,0.000000
0.000000,0.000000
0.000000,0.000000
0.000000,0.000000
0.000000,0.000000
0.000000,0.000000
0.000000,0.000000
0.000000,0.000000
0.000000,0.000000
0.000000,0.000000
0.000000,0.000000
0.000000,0.000000
0.000000,0.000000
0.000000,0.000000
0.000000,0.000000
0.000000,0.000000
0.000000,0.000000
0.000000,0.000000
0.000000,0.000000
0.000000,0.000000
0.000000,0.000000
0.000000,0.000000
0.000000,0.000000
0.000000,0.000000
0.000000,0.000000
0.000000,0.000000
0.000000,0.000000
0.000000,0.000000
0.000000,0.000000
0.000000,0.000000
0.000000,0.000000
0.000000,0.000000
0.000000,0.000000
0.000000,0.000000
0.000000,0.000000
0.000000,0.000000
0.000000,0.000000
0.000000,0.000000
0.000000,0.000000
0.000000,0.000000
0.000000,0.000000
0.000000,0.000000
0.000000,0.000000
0.000000,0.000000
0.000000,0.000000
0.000000,0.000000
0.000000,0.000000
0.000000,0.000000
0.000000,0.000000
0.000000,0.000000
0.000000,0.000000
0.000000,0.000000
0.000000,0.000000
0.000000,0.000000
0.000000,0.000000
0.000000,0.000000
0.000000,0.000000
0.000000,0.000000
0.000000,0.000000
0.000000,0.000000
0.000000,0.000000
0.000000,0.000000
0.000000,0.000000
0.000000,0.000000
0.000000,0.000000
0.000000,0.000000
0.000000,0.000000
0.000000,0.000000
0.000000,0.000000
0.000000,0.000000
0.000000,0.000000
0.000000,0.000000
0.000000,0.000000
0.000000,0.000000
0.000000,0.000000
0.000000,0.000000
0.000000,0.000000
0.000000,0.000000
0.000000,0.000000
0.000000,0.000000
0.000000,0.000000
0.000000,0.000000
0.000000,0.000000
0.000000,0.000000
0.000000,0.000000
0.000000,0.000000
0.000000,0.000000
0.000000,0.000000
0.000000,0.000000
0.000000,0.000000
0.000000,0.000000
0.000000,0.000000
0.000000,0.000000
0.000000,0.000000
0.000000,0.000000
0.000000,0.000000
0.000000,0.000000
0.000000,0.000000
0.000000,0.000000
0.000000,0.000000
0.000000,0.000000
0.000000,0.000000
0.000000,0.000000
0.000000,0.000000
0.000000,0.000000
0.000000,0.000000
0.000000,0.000000
0.000000,0.000000
0.000000,0.000000
0.000000,0.000000
0.000000,0.000000
0.000000,0.000000
0.000000,0.000000
0.000000,0.000000
0.000000,0.000000
0.000000,0.000000
0.000000,0.000000
0.000000,0.000000
0.000000,0.000000
0.000000,0.000000
0.000000,0.000000
0.000000,0.000000
0.000000,0.000000
0.000000,0.000000
0.000000,0.000000
0.000000,0.000000
0.000000,0.000000
0.000000,0.000000
0.000000,0.000000
0.000000,0.000000
0.000000,0.000000
0.000000,0.000000
0.000000,0.000000
0.000000,0.000000
0.000000,0.000000
0.000000,0.000000
0.000000,0.000000
0.000000,0.000000
0.000000,0.000000
0.000000,0.000000
0.000000,0.000000
0.000000,0.000000
0.000000,0.000000
0.000000,0.000000
0.000000,0.000000
0.000000,0.000000
0.000000,0.000000
0.000000,0.000000
0.000000,0.000000
0.000000,0.000000
0.000000,0.000000
0.000000,0.000000
0.000000,0.000000
0.000000,0.000000
0.000000,0.000000
0.000000,0.000000
0.000000,0.000000
0.000000,0.000000
0.000000,0.000000
0.000000,0.000000
0.000000,0.000000
0.000000,0.000000
0.000000,0.000000
0.000000,0.000000
0.000000,0.000000
0.000000,0.000000
0.000000,0.000000
0.000000,0.000000
0.000000,0.000000
0.000000,0.000000
0.000000,0.000000
0.000000,0.000000
0.000000,0.000000
0.000000,0.000000
0.000000,0.000000
0.000000,0.000000
0.000000,0.000000
0.000000,0.000000
0.000000,0.000000
0.000000,0.000000
0.000000,0.000000
0.000000,0.000000
0.000000,0.000000
0.000000,0.000000
0.000000,0.000000
0.000000,0.000000
0.000000,0.000000
0.000000,0.000000
0.000000,0.000000
0.000000,0.000000
0.000000,0.000000
0.000000,0.000000
0.000000,0.000000
0.000000,0.000000
0.000000,0.000000
0.000000,0.000000
0.000000,0.000000
0.000000,0.000000
0.000000,0.000000
0.000000,0.000000
0.000000,0.000000
0.000000,0.000000
0.000000,0.000000
0.000000,0.000000
0.000000,0.000000
0.000000,0.000000
0.000000,0.000000
0.000000,0.000000
0.000000,0.000000
0.000000,0.000000
0.000000,0.000000
0.000000,0.000000
0.000000,0.000000
0.000000,0.000000
0.000000,0.000000
0.000000,0.000000
0.000000,0.000000
0.000000,0.000000
0.000000,0.000000
0.000000,0.000000
0.000000,0.000000
0.000000,0.000000
0.000000,0.000000
0.000000,0.000000
0.000000,0.000000
0.000000,0.000000
0.000000,0.000000
0.000000,0.000000
0.000000,0.000000
0.000000,0.000000
0.000000,0.000000
0.000000,0.000000
0.000000,0.000000
0.000000,0.000000
0.000000,0.000000
0.000000,0.000000
0.000000,0.000000
0.000000,0.000000
0.000000,0.000000
0.000000,0.000000
0.000000,0.000000
0.000000,0.000000
0.000000,0.000000
0.000000,0.000000
0.000000,0.000000
0.000000,0.000000
0.000000,0.000000
0.000000,0.000000
0.000000,0.000000
0.000000,0.000000
0.000000,0.000000
0.000000,0.000000
0.000000,0.000000
0.000000,0.000000
0.000000,0.000000
0.000000,0.000000
0.000000,0.000000
0.000000,0.000000
0.000000,0.000000
0.000000,0.000000
0.000000,0.000000
0.000000,0.000000
0.000000,0.000000
0.000000,0.000000
0.000000,0.000000
0.000000,0.000000
0.000000,0.000000
0.000000,0.000000
0.000000,0.000000
0.000000,0.000000
0.000000,0.000000
0.000000,0.000000
0.000000,0.000000
0.000000,0.000000
0.000000,0.000000
0.000000,0.000000
0.000000,0.000000
0.000000,0.000000
0.000000,0.000000
0.000000,0.000000
0.000000,0.000000
0.000000,0.000000
0.000000,0.000000
0.000000,0.000000
0.000000,0.000000
0.000000,0.000000
0.000000,0.000000
0.000000,0.000000
0.000000,0.000000
0.000000,0.000000
0.000000,0.000000
0.000000,0.000000
0.000000,0.000000
0.000000,0.000000
0.000000,0.000000
0.000000,0.000000
0.000000,0.000000
0.000000,0.000000
0.000000,0.000000
0.000000,0.000000
0.000000,0.000000
0.000000,0.000000
0.000000,0.000000
0.000000,0.000000
0.000000,0.000000
0.000000,0.000000
0.000000,0.000000
0.000000,0.000000
0.000000,0.000000
0.000000,0.000000
0.000000,0.000000
0.000000,0.000000
0.000000,0.000000
0.000000,0.000000
0.000000,0.000000
0.000000,0.000000
0.000000,0.000000
0.000000,0.000000
0.000000,0.000000
0.000000,0.000000
0.000000,0.000000
0.000000,0.000000
0.000000,0.000000
0.000000,0.000000
0.000000,0.000000
0.000000,0.000000
0.000000,0.000000
0.000000,0.000000
0.000000,0.000000
0.000000,0.000000
0.000000,0.000000
0.000000,0.000000
0.000000,0.000000
0.000000,0.000000
0.000000,0.000000
0.000000,0.000000
0.000000,0.000000
0.000000,0.000000
0.000000,0.000000
0.000000,0.000000
0.000000,0.000000
0.000000,0.000000
0.000000,0.000000
0.000000,0.000000
0.000000,0.000000
0.000000,0.000000
0.000000,0.000000
0.000000,0.000000
0.000000,0.000000
0.000000,0.000000
0.000000,0.000000
0.000000,0.000000
0.000000,0.000000
0.000000,0.000000
0.000000,0.000000
0.000000,0.000000
0.000000,0.000000
0.000000,0.000000
0.000000,0.000000
0.000000,0.000000
0.000000,0.000000
0.000000,0.000000
0.000000,0.000000
0.000000,0.000000
0.000000,0.000000
0.000000,0.000000
0.000000,0.000000
0.000000,0.000000
0.000000,0.000000
0.000000,0.000000
0.000000,0.000000
0.000000,0.000000
0.000000,0.000000
0.000000,0.000000
0.000000,0.000000
0.000000,0.000000
0.000000,0.000000
0.000000,0.000000
0.000000,0.000000
0.000000,0.000000
0.000000,0.000000
0.000000,0.000000
0.000000,0.000000
0.000000,0.000000
0.000000,0.000000
0.000000,0.000000
0.000000,0.000000
0.000000,0.000000
0.000000,0.000000
0.000000,0.000000
0.000000,0.000000
0.000000,0.000000
0.000000,0.000000
0.000000,0.000000
0.000000,0.000000
0.000000,0.000000
0.000000,0.000000
0.000000,0.000000
0.000000,0.000000
0.000000,0.000000
0.000000,0.000000
0.000000,0.000000
0.000000,0.000000
0.000000,0.000000
0.000000,0.000000
0.000000,0.000000
0.000000,0.000000
0.000000,0.000000
0.000000,0.000000
0.000000,0.000000
0.000000,0.000000
0.000000,0.000000
0.000000,0.000000
0.000000,0.000000
0.000000,0.000000
0.000000,0.000000
0.000000,0.000000
0.000000,0.000000
0.000000,0.000000
0.000000,0.000000
0.000000,0.000000
0.000000,0.000000
0.000000,0.000000
0.000000,0.000000
0.000000,0.000000
0.000000,0.000000
0.000000,0.000000
0.000000,0.000000
0.000000,0.000000
0.000000,0.000000
0.000000,0.000000
0.000000,0.000000
0.000000,0.000000
0.000000,0.000000
0.000000,0.000000
0.000000,0.000000
0.000000,0.000000
0.000000,0.000000
0.000000,0.000000
0.000000,0.000000
0.000000,0.000000
0.000000,0.000000
0.000000,0.000000
0.000000,0.000000
0.000000,0.000000
0.000000,0.000000
0.000000,0.000000
0.000000,0.000000
0.000000,0.000000
0.000000,0.000000
0.000000,0.000000
0.000000,0.000000
0.000000,0.000000
0.000000,0.000000
0.000000,0.000000
0.000000,0.000000
0.000000,0.000000
0.000000,0.000000
0.000000,0.000000
0.000000,0.000000
0.000000,0.000000
0.000000,0.000000
0.000000,0.000000
0.000000,0.000000
0.000000,0.000000
0.000000,0.000000
0.000000,0.000000
0.000000,0.000000
0.000000,0.000000
0.000000,0.000000
0.000000,0.000000
0.000000,0.000000
0.000000,0.000000
0.000000,0.000000
0.000000,0.000000
0.000000,0.000000
0.000000,0.000000
0.000000,0.000000
0.000000,0.000000
0.000000,0.000000
0.000000,0.000000
0.000000,0.000000
0.000000,0.000000
0.000000,0.000000
0.000000,0.000000
0.000000,0.000000
0.000000,0.000000
0.000000,0.000000
0.000000,0.000000
0.000000,0.000000
0.000000,0.000000
0.000000,0.000000
0.000000,0.000000
0.000000,0.000000
0.000000,0.000000
0.000000,0.000000
0.000000,0.000000
0.000000,0.000000
0.000000,0.000000
0.000000,0.000000
0.000000,0.000000
0.000000,0.000000
0.000000,0.000000
0.000000,0.000000
0.000000,0.000000
0.000000,0.000000
0.000000,0.000000
0.000000,0.000000
0.000000,0.000000
0.000000,0.000000
0.000000,0.000000
0.000000,0.000000
0.000000,0.000000
0.000000,0.000000
0.000000,0.000000
0.000000,0.000000
0.000000,0.000000
0.000000,0.000000
0.000000,0.000000
0.000000,0.000000
0.000000,0.000000
0.000000,0.000000
0.000000,0.000000
0.000000,0.000000
0.000000,0.000000
0.000000,0.000000
0.000000,0.000000
0.000000,0.000000
0.000000,0.000000
0.000000,0.000000
0.000000,0.000000
0.000000,0.000000
0.000000,0.000000
0.000000,0.000000
0.000000,0.000000
0.000000,0.000000
0.000000,0.000000
0.000000,0.000000
0.000000,0.000000
0.000000,0.000000
0.000000,0.000000
0.000000,0.000000
0.000000,0.000000
0.000000,0.000000
0.000000,0.000000
0.000000,0.000000
0.000000,0.000000
0.000000,0.000000
0.000000,0.000000
0.000000,0.000000
0.000000,0.000000
0.000000,0.000000
0.000000,0.000000
0.000000,0.000000
0.000000,0.000000
0.000000,0.000000
0.000000,0.000000
0.000000,0.000000
0.000000,0.000000
0.000000,0.000000
0.000000,0.000000
0.000000,0.000000
0.000000,0.000000
0.000000,0.000000
0.000000,0.000000
0.000000,0.000000
0.000000,0.000000
0.000000,0.000000
0.000000,0.000000
0.000000,0.000000
0.000000,0.000000
0.000000,0.000000
0.000000,0.000000
0.000000,0.000000
0.000000,0.000000
0.000000,0.000000
0.000000,0.000000
0.000000,0.000000
0.000000,0.000000
0.000000,0.000000
0.000000,0.000000
0.000000,0.000000
0.000000,0.000000
0.000000,0.000000
0.000000,0.000000
0.000000,0.000000
0.000000,0.000000
0.000000,0.000000
0.000000,0.000000
0.000000,0.000000
0.000000,0.000000
0.000000,0.000000
0.000000,0.000000
0.000000,0.000000
0.000000,0.000000
0.000000,0.000000
0.000000,0.000000
0.000000,0.000000
0.000000,0.000000
0.000000,0.000000
0.000000,0.000000
0.000000,0.000000
0.000000,0.000000
0.000000,0.000000
0.000000,0.000000
0.000000,0.000000
0.000000,0.000000
0.000000,0.000000
0.000000,0.000000
0.000000,0.000000
0.000000,0.000000
0.000000,0.000000
0.000000,0.000000
0.000000,0.000000
0.000000,0.000000
0.000000,0.000000
0.000000,0.000000
0.000000,0.000000
0.000000,0.000000
0.000000,0.000000
0.000000,0.000000
0.000000,0.000000
0.000000,0.000000
0.000000,0.000000
0.000000,0.000000
0.000000,0.000000
0.000000,0.000000
0.000000,0.000000
0.000000,0.000000
0.000000,0.000000
0.000000,0.000000
0.000000,0.000000
0.000000,0.000000
0.000000,0.000000
0.000000,0.000000
0.000000,0.000000
0.000000,0.000000
0.000000,0.000000
0.000000,0.000000
0.000000,0.000000
0.000000,0.000000
0.000000,0.000000
0.000000,0.000000
0.000000,0.000000
0.000000,0.000000
0.000000,0.000000
0.000000,0.000000
0.000000,0.000000
0.000000,0.000000
0.000000,0.000000
0.000000,0.000000
0.000000,0.000000
0.000000,0.000000
0.000000,0.000000
0.000000,0.000000
0.000000,0.000000
0.000000,0.000000
0.000000,0.000000
0.000000,0.000000
0.000000,0.000000
0.000000,0.000000
0.000000,0.000000
0.000000,0.000000
0.000000,0.000000
0.000000,0.000000
0.000000,0.000000
0.000000,0.000000
0.000000,0.000000
0.000000,0.000000
0.000000,0.000000
0.000000,0.000000
0.000000,0.000000
0.000000,0.000000
0.000000,0.000000
0.000000,0.000000
0.000000,0.000000
0.000000,0.000000
0.000000,0.000000
0.000000,0.000000
0.000000,0.000000
0.000000,0.000000
0.000000,0.000000
0.000000,0.000000
0.000000,0.000000
0.000000,0.000000
0.000000,0.000000
0.000000,0.000000
0.000000,0.000000
0.000000,0.000000
0.000000,0.000000
0.000000,0.000000
0.000000,0.000000
0.000000,0.000000
0.000000,0.000000
0.000000,0.000000
0.000000,0.000000
0.000000,0.000000
0.000000,0.000000
0.000000,0.000000
0.000000,0.000000
0.000000,0.000000
0.000000,0.000000
0.000000,0.000000
0.000000,0.000000
0.000000,0.000000
0.000000,0.000000
0.000000,0.000000
0.000000,0.000000
0.000000,0.000000
0.000000,0.000000
0.000000,0.000000
0.000000,0.000000
0.000000,0.000000
0.000000,0.000000
0.000000,0.000000
0.000000,0.000000
0.000000,0.000000
0.000000,0.000000
0.000000,0.000000
0.000000,0.000000
0.000000,0.000000
0.000000,0.000000
0.000000,0.000000
0.000000,0.000000
0.000000,0.000000
0.000000,0.000000
0.000000,0.000000
0.000000,0.000000
0.000000,0.000000
0.000000,0.000000
0.000000,0.000000
0.000000,0.000000
0.000000,0.000000
0.000000,0.000000
0.000000,0.000000
0.000000,0.000000
0.000000,0.000000
0.000000,0.000000
0.000000,0.000000
0.000000,0.000000
0.000000,0.000000
0.000000,0.000000
0.000000,0.000000
0.000000,0.000000
0.000000,0.000000
0.000000,0.000000
0.000000,0.000000
0.000000,0.000000
0.000000,0.000000
0.000000,0.000000
0.000000,0.000000
0.000000,0.000000
0.000000,0.000000
0.000000,0.000000
0.000000,0.000000
0.000000,0.000000
0.000000,0.000000
0.000000,0.000000
0.000000,0.000000
0.000000,0.000000
0.000000,0.000000
0.000000,0.000000
0.000000,0.000000
0.000000,0.000000
0.000000,0.000000
0.000000,0.000000
0.000000,0.000000
0.000000,0.000000
0.000000,0.000000
0.000000,0.000000
0.000000,0.000000
0.000000,0.000000
0.000000,0.000000
0.000000,0.000000
0.000000,0.000000
0.000000,0.000000
0.000000,0.000000
0.000000,0.000000
0.000000,0.000000
0.000000,0.000000
0.000000,0.000000
0.000000,0.000000
0.000000,0.000000
0.000000,0.000000
0.000000,0.000000
0.000000,0.000000
0.000000,0.000000
0.000000,0.000000
0.000000,0.000000
0.000000,0.000000
0.000000,0.000000
0.000000,0.000000
0.000000,0.000000
0.000000,0.000000
0.000000,0.000000
0.000000,0.000000
0.000000,0.000000
0.000000,0.000000
0.000000,0.000000
0.000000,0.000000
0.000000,0.000000
0.000000,0.000000
0.000000,0.000000
0.000000,0.000000
0.000000,0.000000
0.000000,0.000000
0.000000,0.000000
0.000000,0.000000
0.000000,0.000000
0.000000,0.000000
0.000000,0.000000
0.000000,0.000000
0.000000,0.000000
0.000000,0.000000
0.000000,0.000000
0.000000,0.000000
0.000000,0.000000
0.000000,0.000000
0.000000,0.000000
0.000000,0.000000
0.000000,0.000000
0.000000,0.000000
0.000000,0.000000
0.000000,0.000000
0.000000,0.000000
0.000000,0.000000
0.000000,0.000000
0.000000,0.000000
0.000000,0.000000
0.000000,0.000000
0.000000,0.000000
0.000000,0.000000
0.000000,0.000000
0.000000,0.000000
0.000000,0.000000
0.000000,0.000000
0.000000,0.000000
0.000000,0.000000
0.000000,0.000000
0.000000,0.000000
0.000000,0.000000
0.000000,0.000000
0.000000,0.000000
0.000000,0.000000
0.000000,0.000000
0.000000,0.000000
0.000000,0.000000
0.000000,0.000000
0.000000,0.000000
0.000000,0.000000
0.000000,0.000000
0.000000,0.000000
0.000000,0.000000
0.000000,0.000000
0.000000,0.000000
0.000000,0.000000
0.000000,0.000000
0.000000,0.000000
0.000000,0.000000
0.000000,0.000000
0.000000,0.000000
0.000000,0.000000
0.000000,0.000000
0.000000,0.000000
0.000000,0.000000
0.000000,0.000000
0.000000,0.000000
0.000000,0.000000
0.000000,0.000000
0.000000,0.000000
0.000000,0.000000
0.000000,0.000000
0.000000,0.000000
0.000000,0.000000
0.000000,0.000000
0.000000,0.000000
0.000000,0.000000
0.000000,0.000000
0.000000,0.000000
0.000000,0.000000
0.000000,0.000000
0.000000,0.000000
0.000000,0.000000
0.000000,0.000000
0.000000,0.000000
0.000000,0.000000
0.000000,0.000000
0.000000,0.000000
0.000000,0.000000
0.000000,0.000000
0.000000,0.000000
0.000000,0.000000
0.000000,0.000000
0.000000,0.000000
0.000000,0.000000
0.000000,0.000000
0.000000,0.000000
0.000000,0.000000
0.000000,0.000000
0.000000,0.000000
0.000000,0.000000
0.000000,0.000000
0.000000,0.000000
0.000000,0.000000
0.000000,0.000000
0.000000,0.000000
0.000000,0.000000
0.000000,0.000000
0.000000,0.000000
0.000000,0.000000
0.000000,0.000000
0.000000,0.000000
0.000000,0.000000
0.000000,0.000000
0.000000,0.000000
0.000000,0.000000
0.000000,0.000000
0.000000,0.000000
0.000000,0.000000
0.000000,0.000000
0.000000,0.000000
0.000000,0.000000
0.000000,0.000000
0.000000,0.000000
0.000000,0.000000
0.000000,0.000000
0.000000,0.000000
0.000000,0.000000
0.000000,0.000000
0.000000,0.000000
0.000000,0.000000
0.000000,0.000000
0.000000,0.000000
0.000000,0.000000
0.000000,0.000000
0.000000,0.000000
0.000000,0.000000
0.000000,0.000000
0.000000,0.000000
0.000000,0.000000
0.000000,0.000000
0.000000,0.000000
0.000000,0.000000
0.000000,0.000000
0.000000,0.000000
0.000000,0.000000
0.000000,0.000000
0.000000,0.000000
0.000000,0.000000
0.000000,0.000000
0.000000,0.000000
0.000000,0.000000
0.000000,0.000000
0.000000,0.000000
0.000000,0.000000
0.000000,0.000000
0.000000,0.000000
0.000000,0.000000
0.000000,0.000000
0.000000,0.000000
0.000000,0.000000
0.000000,0.000000
0.000000,0.000000
0.000000,0.000000
0.000000,0.000000
0.000000,0.000000
0.000000,0.000000
0.000000,0.000000
0.000000,0.000000
0.000000,0.000000
0.000000,0.000000
0.000000,0.000000
0.000000,0.000000
0.000000,0.000000
0.000000,0.000000
0.000000,0.000000
0.000000,0.000000
0.000000,0.000000
0.000000,0.000000
0.000000,0.000000
0.000000,0.000000
0.000000,0.000000
0.000000,0.000000
0.000000,0.000000
0.000000,0.000000
0.000000,0.000000
0.000000,0.000000
0.000000,0.000000
0.000000,0.000000
0.000000,0.000000
0.000000,0.000000
0.000000,0.000000
0.000000,0.000000
0.000000,0.000000
0.000000,0.000000
0.000000,0.000000
0.000000,0.000000
0.000000,0.000000
0.000000,0.000000
0.000000,0.000000
0.000000,0.000000
0.000000,0.000000
0.000000,0.000000
0.000000,0.000000
0.000000,0.000000
0.000000,0.000000
0.000000,0.000000
0.000000,0.000000
0.000000,0.000000
0.000000,0.000000
0.000000,0.000000
0.000000,0.000000
0.000000,0.000000
0.000000,0.000000
0.000000,0.000000
0.000000,0.000000
0.000000,0.000000
0.000000,0.000000
0.000000,0.000000
0.000000,0.000000
0.000000,0.000000
0.000000,0.000000
0.000000,0.000000
0.000000,0.000000
0.000000,0.000000
0.000000,0.000000
0.000000,0.000000
0.000000,0.000000
0.000000,0.000000
0.000000,0.000000
0.000000,0.000000
0.000000,0.000000
0.000000,0.000000
0.000000,0.000000
0.000000,0.000000
0.000000,0.000000
0.000000,0.000000
0.000000,0.000000
0.000000,0.000000
0.000000,0.000000
0.000000,0.000000
0.000000,0.000000
0.000000,0.000000
0.000000,0.000000
0.000000,0.000000
0.000000,0.000000
0.000000,0.000000
0.000000,0.000000
0.000000,0.000000
0.000000,0.000000
0.000000,0.000000
0.000000,0.000000
0.000000,0.000000
0.000000,0.000000
0.000000,0.000000
0.000000,0.000000
0.000000,0.000000
0.000000,0.000000
0.000000,0.000000
0.000000,0.000000
0.000000,0.000000
0.000000,0.000000
0.000000,0.000000
0.000000,0.000000
0.000000,0.000000
0.000000,0.000000
0.000000,0.000000
0.000000,0.000000
0.000000,0.000000
0.000000,0.000000
0.000000,0.000000
0.000000,0.000000
0.000000,0.000000
0.000000,0.000000
0.000000,0.000000
0.000000,0.000000
0.000000,0.000000
0.000000,0.000000
0.000000,0.000000
0.000000,0.000000
0.000000,0.000000
0.000000,0.000000
0.000000,0.000000
0.000000,0.000000
0.000000,0.000000
0.000000,0.000000
0.000000,0.000000
0.000000,0.000000
0.000000,0.000000
0.000000,0.000000
0.000000,0.000000
0.000000,0.000000
0.000000,0.000000
0.000000,0.000000
0.000000,0.000000
0.000000,0.000000
0.000000,0.000000
0.000000,0.000000
0.000000,0.000000
0.000000,0.000000
0.000000,0.000000
0.000000,0.000000
0.000000,0.000000
0.000000,0.000000
0.000000,0.000000
0.000000,0.000000
0.000000,0.000000
0.000000,0.000000
0.000000,0.000000
0.000000,0.000000
0.000000,0.000000
0.000000,0.000000
0.000000,0.000000
0.000000,0.000000
0.000000,0.000000
0.000000,0.000000
0.000000,0.000000
0.000000,0.000000
0.000000,0.000000
0.000000,0.000000
0.000000,0.000000
0.000000,0.000000
0.000000,0.000000
0.000000,0.000000
0.000000,0.000000
0.000000,0.000000
0.000000,0.000000
0.000000,0.000000
0.000000,0.000000
0.000000,0.000000
0.000000,0.000000
0.000000,0.000000
0.000000,0.000000
0.000000,0.000000
0.000000,0.000000
0.000000,0.000000
0.000000,0.000000
0.000000,0.000000
0.000000,0.000000
0.000000,0.000000
0.000000,0.000000
0.000000,0.000000
0.000000,0.000000
0.000000,0.000000
0.000000,0.000000
0.000000,0.000000
0.000000,0.000000
0.000000,0.000000
0.000000,0.000000
0.000000,0.000000
0.000000,0.000000
0.000000,0.000000
0.000000,0.000000
0.000000,0.000000
0.000000,0.000000
0.000000,0.000000
0.000000,0.000000
0.000000,0.000000
0.000000,0.000000
0.000000,0.000000
0.000000,0.000000
0.000000,0.000000
0.000000,0.000000
0.000000,0.000000
0.000000,0.000000
0.000000,0.000000
0.000000,0.000000
0.000000,0.000000
0.000000,0.000000
0.000000,0.000000
0.000000,0.000000
0.000000,0.000000
0.000000,0.000000
0.000000,0.000000
0.000000,0.000000
0.000000,0.000000
0.000000,0.000000
0.000000,0.000000
0.000000,0.000000
0.000000,0.000000
0.000000,0.000000
0.000000,0.000000
0.000000,0.000000
0.000000,0.000000
0.000000,0.000000
0.000000,0.000000
0.000000,0.000000
0.000000,0.000000
0.000000,0.000000
0.000000,0.000000
0.000000,0.000000
0.000000,0.000000
0.000000,0.000000
0.000000,0.000000
0.000000,0.000000
0.000000,0.000000
0.000000,0.000000
0.000000,0.000000
0.000000,0.000000
0.000000,0.000000
0.000000,0.000000
0.000000,0.000000
0.000000,0.000000
0.000000,0.000000
0.000000,0.000000
0.000000,0.000000
0.000000,0.000000
0.000000,0.000000
0.000000,0.000000
0.000000,0.000000
0.000000,0.000000
0.000000,0.000000
0.000000,0.000000
0.000000,0.000000
0.000000,0.000000
0.000000,0.000000
0.000000,0.000000
0.000000,0.000000
0.000000,0.000000
0.000000,0.000000
0.000000,0.000000
0.000000,0.000000
0.000000,0.000000
0.000000,0.000000
0.000000,0.000000
0.000000,0.000000
0.000000,0.000000
0.000000,0.000000
0.000000,0.000000
0.000000,0.000000
0.000000,0.000000
0.000000,0.000000
0.000000,0.000000
0.000000,0.000000
0.000000,0.000000
0.000000,0.000000
0.000000,0.000000
0.000000,0.000000
0.000000,0.000000
0.000000,0.000000
0.000000,0.000000
0.000000,0.000000
0.000000,0.000000
0.000000,0.000000
0.000000,0.000000
0.000000,0.000000
0.000000,0.000000
0.000000,0.000000
0.000000,0.000000
0.000000,0.000000
0.000000,0.000000
0.000000,0.000000
0.000000,0.000000
0.000000,0.000000
0.000000,0.000000
0.000000,0.000000
0.000000,0.000000
0.000000,0.000000
0.000000,0.000000
0.000000,0.000000
0.000000,0.000000
0.000000,0.000000
0.000000,0.000000
0.000000,0.000000
0.000000,0.000000
0.000000,0.000000
0.000000,0.000000
0.000000,0.000000
0.000000,0.000000
0.000000,0.000000
0.000000,0.000000
0.000000,0.000000
0.000000,0.000000
0.000000,0.000000
0.000000,0.000000
0.000000,0.000000
0.000000,0.000000
0.000000,0.000000
0.000000,0.000000
0.000000,0.000000
0.000000,0.000000
0.000000,0.000000
0.000000,0.000000
0.000000,0.000000
0.000000,0.000000
0.000000,0.000000
0.000000,0.000000
0.000000,0.000000
0.000000,0.000000
0.000000,0.000000
0.000000,0.000000
0.000000,0.000000
0.000000,0.000000
0.000000,0.000000
0.000000,0.000000
0.000000,0.000000
0.000000,0.000000
0.000000,0.000000
0.000000,0.000000
0.000000,0.000000
0.000000,0.000000
0.000000,0.000000
0.000000,0.000000
0.000000,0.000000
0.000000,0.000000
0.000000,0.000000
0.000000,0.000000
0.000000,0.000000
0.000000,0.000000
0.000000,0.000000
0.000000,0.000000
0.000000,0.000000
0.000000,0.000000
0.000000,0.000000
0.000000,0.000000
0.000000,0.000000
0.000000,0.000000
0.000000,0.000000
0.000000,0.000000
0.000000,0.000000
0.000000,0.000000
0.000000,0.000000
0.000000,0.000000
0.000000,0.000000
0.000000,0.000000
0.000000,0.000000
0.000000,0.000000
0.000000,0.000000
0.000000,0.000000
0.000000,0.000000
0.000000,0.000000
0.000000,0.000000
0.000000,0.000000
0.000000,0.000000
0.000000,0.000000
0.000000,0.000000
0.000000,0.000000
0.000000,0.000000
0.000000,0.000000
0.000000,0.000000
0.000000,0.000000
0.000000,0.000000
0.000000,0.000000
0.000000,0.000000
0.000000,0.000000
0.000000,0.000000
0.000000,0.000000
0.000000,0.000000
0.000000,0.000000
0.000000,0.000000
0.000000,0.000000
0.000000,0.000000
0.000000,0.000000
0.000000,0.000000
0.000000,0.000000
0.000000,0.000000
0.000000,0.000000
0.000000,0.000000
0.000000,0.000000
0.000000,0.000000
0.000000,0.000000
0.000000,0.000000
0.000000,0.000000
0.000000,0.000000
0.000000,0.000000
0.000000,0.000000
0.000000,0.000000
0.000000,0.000000
0.000000,0.000000
0.000000,0.000000
0.000000,0.000000
0.000000,0.000000
0.000000,0.000000
0.000000,0.000000
0.000000,0.000000
0.000000,0.000000
0.000000,0.000000
0.000000,0.000000
0.000000,0.000000
0.000000,0.000000
0.000000,0.000000
0.000000,0.000000
0.000000,0.000000
0.000000,0.000000
0.000000,0.000000
0.000000,0.000000
0.000000,0.000000
0.000000,0.000000
0.000000,0.000000
0.000000,0.000000
0.000000,0.000000
0.000000,0.000000
0.000000,0.000000
0.000000,0.000000
0.000000,0.000000
0.000000,0.000000
0.000000,0.000000
0.000000,0.000000
0.000000,0.000000
0.000000,0.000000
0.000000,0.000000
0.000000,0.000000
0.000000,0.000000
0.000000,0.000000
0.000000,0.000000
0.000000,0.000000
0.000000,0.000000
0.000000,0.000000
0.000000,0.000000
0.000000,0.000000
0.000000,0.000000
0.000000,0.000000
0.000000,0.000000
0.000000,0.000000
0.000000,0.000000
0.000000,0.000000
0.000000,0.000000
0.000000,0.000000
0.000000,0.000000
0.000000,0.000000
0.000000,0.000000
0.000000,0.000000
0.000000,0.000000
0.000000,0.000000
0.000000,0.000000
0.000000,0.000000
0.000000,0.000000
0.000000,0.000000
0.000000,0.000000
0.000000,0.000000
0.000000,0.000000
0.000000,0.000000
0.000000,0.000000
0.000000,0.000000
0.000000,0.000000
0.000000,0.000000
0.000000,0.000000
0.000000,0.000000
0.000000,0.000000
0.000000,0.000000
0.000000,0.000000
0.000000,0.000000
0.000000,0.000000
0.000000,0.000000
0.000000,0.000000
0.000000,0.000000
0.000000,0.000000
0.000000,0.000000
0.000000,0.000000
0.000000,0.000000
0.000000,0.000000
0.000000,0.000000
0.000000,0.000000
0.000000,0.000000
0.000000,0.000000
0.000000,0.000000
0.000000,0.000000
0.000000,0.000000
0.000000,0.000000
0.000000,0.000000
0.000000,0.000000
0.000000,0.000000
0.000000,0.000000
0.000000,0.000000
0.000000,0.000000
0.000000,0.000000
0.000000,0.000000
0.000000,0.000000
0.000000,0.000000
0.000000,0.000000
0.000000,0.000000
0.000000,0.000000
0.000000,0.000000
0.000000,0.000000
0.000000,0.000000
0.000000,0.000000
0.000000,0.000000
0.000000,0.000000
0.000000,0.000000
0.000000,0.000000
0.000000,0.000000
0.000000,0.000000
0.000000,0.000000
0.000000,0.000000
0.000000,0.000000
0.000000,0.000000
0.000000,0.000000
0.000000,0.000000
0.000000,0.000000
0.000000,0.000000
0.000000,0.000000
0.000000,0.000000
0.000000,0.000000
0.000000,0.000000
0.000000,0.000000
0.000000,0.000000
0.000000,0.000000
0.000000,0.000000
0.000000,0.000000
0.000000,0.000000
0.000000,0.000000
0.000000,0.000000
0.000000,0.000000
0.000000,0.000000
0.000000,0.000000
0.000000,0.000000
0.000000,0.000000
0.000000,0.000000
0.000000,0.000000
0.000000,0.000000
0.000000,0.000000
0.000000,0.000000
0.000000,0.000000
0.000000,0.000000
0.000000,0.000000
0.000000,0.000000
0.000000,0.000000
0.000000,0.000000
0.000000,0.000000
0.000000,0.000000
0.000000,0.000000
0.000000,0.000000
0.000000,0.000000
0.000000,0.000000
0.000000,0.000000
0.000000,0.000000
0.000000,0.000000
0.000000,0.000000
0.000000,0.000000
0.000000,0.000000
0.000000,0.000000
0.000000,0.000000
0.000000,0.000000
0.000000,0.000000
0.000000,0.000000
0.000000,0.000000
0.000000,0.000000
0.000000,0.000000
0.000000,0.000000
0.000000,0.000000
0.000000,0.000000
0.000000,0.000000
0.000000,0.000000
0.000000,0.000000
0.000000,0.000000
0.000000,0.000000
0.000000,0.000000
0.000000,0.000000
0.000000,0.000000
0.000000,0.000000
0.000000,0.000000
0.000000,0.000000
0.000000,0.000000
0.000000,0.000000
0.000000,0.000000
0.000000,0.000000
0.000000,0.000000
0.000000,0.000000
0.000000,0.000000
0.000000,0.000000
0.000000,0.000000
0.000000,0.000000
0.000000,0.000000
0.000000,0.000000
0.000000,0.000000
0.000000,0.000000
0.000000,0.000000
0.000000,0.000000
0.000000,0.000000
0.000000,0.000000
0.000000,0.000000
0.000000,0.000000
0.000000,0.000000
0.000000,0.000000
0.000000,0.000000
0.000000,0.000000
0.000000,0.000000
0.000000,0.000000
0.000000,0.000000
0.000000,0.000000
0.000000,0.000000
0.000000,0.000000
0.000000,0.000000
0.000000,0.000000
0.000000,0.000000
0.000000,0.000000
0.000000,0.000000
0.000000,0.000000
0.000000,0.000000
0.000000,0.000000
0.000000,0.000000
0.000000,0.000000
0.000000,0.000000
0.000000,0.000000
0.000000,0.000000
0.000000,0.000000
0.000000,0.000000
0.000000,0.000000
0.000000,0.000000
0.000000,0.000000
0.000000,0.000000
0.000000,0.000000
0.000000,0.000000
0.000000,0.000000
0.000000,0.000000
0.000000,0.000000
0.000000,0.000000
0.000000,0.000000
0.000000,0.000000
0.000000,0.000000
0.000000,0.000000
0.000000,0.000000
0.000000,0.000000
0.000000,0.000000
0.000000,0.000000
0.000000,0.000000
0.000000,0.000000
0.000000,0.000000
0.000000,0.000000
0.000000,0.000000
0.000000,0.000000
0.000000,0.000000
0.000000,0.000000
0.000000,0.000000
0.000000,0.000000
0.000000,0.000000
0.000000,0.000000
0.000000,0.000000
0.000000,0.000000
0.000000,0.000000
0.000000,0.000000
0.000000,0.000000
0.000000,0.000000
0.000000,0.000000
0.000000,0.000000
0.000000,0.000000
0.000000,0.000000
0.000000,0.000000
0.000000,0.000000
0.000000,0.000000
0.000000,0.000000
0.000000,0.000000
0.000000,0.000000
0.000000,0.000000
0.000000,0.000000
0.000000,0.000000
0.000000,0.000000
0.000000,0.000000
0.000000,0.000000
0.000000,0.000000
0.000000,0.000000
0.000000,0.000000
0.000000,0.000000
0.000000,0.000000
0.000000,0.000000
0.000000,0.000000
0.000000,0.000000
0.000000,0.000000
0.000000,0.000000
0.000000,0.000000
0.000000,0.000000
0.000000,0.000000
0.000000,0.000000
0.000000,0.000000
0.000000,0.000000
0.000000,0.000000
0.000000,0.000000
0.000000,0.000000
0.000000,0.000000
0.000000,0.000000
0.000000,0.000000
0.000000,0.000000
0.000000,0.000000
0.000000,0.000000
0.000000,0.000000
0.000000,0.000000
0.000000,0.000000
0.000000,0.000000
0.000000,0.000000
0.000000,0.000000
0.000000,0.000000
0.000000,0.000000
0.000000,0.000000
0.000000,0.000000
0.000000,0.000000
0.000000,0.000000
0.000000,0.000000
0.000000,0.000000
0.000000,0.000000
0.000000,0.000000
0.000000,0.000000
0.000000,0.000000
0.000000,0.000000
0.000000,0.000000
0.000000,0.000000
0.000000,0.000000
0.000000,0.000000
0.000000,0.000000
0.000000,0.000000
0.000000,0.000000
0.000000,0.000000
0.000000,0.000000
0.000000,0.000000
0.000000,0.000000
0.000000,0.000000
0.000000,0.000000
0.000000,0.000000
0.000000,0.000000
0.000000,0.000000
0.000000,0.000000
0.000000,0.000000
0.000000,0.000000
0.000000,0.000000
0.000000,0.000000
0.000000,0.000000
0.000000,0.000000
0.000000,0.000000
0.000000,0.000000
0.000000,0.000000
0.000000,0.000000
0.000000,0.000000
0.000000,0.000000
0.000000,0.000000
0.000000,0.000000
0.000000,0.000000
0.000000,0.000000
0.000000,0.000000
0.000000,0.000000
0.000000,0.000000
0.000000,0.000000
0.000000,0.000000
0.000000,0.000000
0.000000,0.000000
0.000000,0.000000
0.000000,0.000000
0.000000,0.000000
0.000000,0.000000
0.000000,0.000000
0.000000,0.000000
0.000000,0.000000
0.000000,0.000000
0.000000,0.000000
0.000000,0.000000
0.000000,0.000000
0.000000,0.000000
0.000000,0.000000
0.000000,0.000000
0.000000,0.000000
0.000000,0.000000
0.000000,0.000000
0.000000,0.000000
0.000000,0.000000
0.000000,0.000000
0.000000,0.000000
0.000000,0.000000
0.000000,0.000000
0.000000,0.000000
0.000000,0.000000
0.000000,0.000000
0.000000,0.000000
0.000000,0.000000
0.000000,0.000000
0.000000,0.000000
0.000000,0.000000
0.000000,0.000000
0.000000,0.000000
0.000000,0.000000
0.000000,0.000000
0.000000,0.000000
0.000000,0.000000
0.000000,0.000000
0.000000,0.000000
0.000000,0.000000
0.000000,0.000000
0.000000,0.000000
0.000000,0.000000
0.000000,0.000000
0.000000,0.000000
0.000000,0.000000
0.000000,0.000000
0.000000,0.000000
0.000000,0.000000
0.000000,0.000000
0.000000,0.000000
0.000000,0.000000
0.000000,0.000000
0.000000,0.000000
0.000000,0.000000
0.000000,0.000000
0.000000,0.000000
0.000000,0.000000
0.000000,0.000000
0.000000,0.000000
0.000000,0.000000
0.000000,0.000000
0.000000,0.000000
0.000000,0.000000
0.000000,0.000000
0.000000,0.000000
0.000000,0.000000
0.000000,0.000000
0.000000,0.000000
0.000000,0.000000
0.000000,0.000000
0.000000,0.000000
0.000000,0.000000
0.000000,0.000000
0.000000,0.000000
0.000000,0.000000
0.000000,0.000000
0.000000,0.000000
0.000000,0.000000
0.000000,0.000000
0.000000,0.000000
0.000000,0.000000
0.000000,0.000000
0.000000,0.000000
0.000000,0.000000
0.000000,0.000000
0.000000,0.000000
0.000000,0.000000
0.000000,0.000000
0.000000,0.000000
0.000000,0.000000
0.000000,0.000000
0.000000,0.000000
0.000000,0.000000
0.000000,0.000000
0.000000,0.000000
0.000000,0.000000
0.000000,0.000000
0.000000,0.000000
0.000000,0.000000
0.000000,0.000000
0.000000,0.000000
0.000000,0.000000
0.000000,0.000000
0.000000,0.000000
0.000000,0.000000
0.000000,0.000000
0.000000,0.000000
0.000000,0.000000
0.000000,0.000000
0.000000,0.000000
0.000000,0.000000
0.000000,0.000000
0.000000,0.000000
0.000000,0.000000
0.000000,0.000000
0.000000,0.000000
0.000000,0.000000
0.000000,0.000000
0.000000,0.000000
0.000000,0.000000
0.000000,0.000000
0.000000,0.000000
0.000000,0.000000
0.000000,0.000000
0.000000,0.000000
0.000000,0.000000
0.000000,0.000000
0.000000,0.000000
0.000000,0.000000
0.000000,0.000000
0.000000,0.000000
0.000000,0.000000
0.000000,0.000000
0.000000,0.000000
0.000000,0.000000
0.000000,0.000000
0.000000,0.000000
0.000000,0.000000
0.000000,0.000000
0.000000,0.000000
0.000000,0.000000
0.000000,0.000000
0.000000,0.000000
0.000000,0.000000
0.000000,0.000000
0.000000,0.000000
0.000000,0.000000
0.000000,0.000000
0.000000,0.000000
0.000000,0.000000
0.000000,0.000000
0.000000,0.000000
0.000000,0.000000
0.000000,0.000000
0.000000,0.000000
0.000000,0.000000
0.000000,0.000000
0.000000,0.000000
0.000000,0.000000
0.000000,0.000000
0.000000,0.000000
0.000000,0.000000
0.000000,0.000000
0.000000,0.000000
0.000000,0.000000
0.000000,0.000000
0.000000,0.000000
0.000000,0.000000
0.000000,0.000000
0.000000,0.000000
0.000000,0.000000
0.000000,0.000000
0.000000,0.000000
0.000000,0.000000
0.000000,0.000000
0.000000,0.000000
0.000000,0.000000
0.000000,0.000000
0.000000,0.000000
0.000000,0.000000
0.000000,0.000000
0.000000,0.000000
0.000000,0.000000
0.000000,0.000000
0.000000,0.000000
0.000000,0.000000
0.000000,0.000000
0.000000,0.000000
0.000000,0.000000
0.000000,0.000000
0.000000,0.000000
0.000000,0.000000
0.000000,0.000000
0.000000,0.000000
0.000000,0.000000
0.000000,0.000000
0.000000,0.000000
0.000000,0.000000
0.000000,0.000000
0.000000,0.000000
0.000000,0.000000
0.000000,0.000000
0.000000,0.000000
0.000000,0.000000
0.000000,0.000000
0.000000,0.000000
0.000000,0.000000
0.000000,0.000000
0.000000,0.000000
0.000000,0.000000
0.000000,0.000000
0.000000,0.000000
0.000000,0.000000
0.000000,0.000000
0.000000,0.000000
0.000000,0.000000
0.000000,0.000000
0.000000,0.000000
0.000000,0.000000
0.000000,0.000000
0.000000,0.000000
0.000000,0.000000
0.000000,0.000000
0.000000,0.000000
0.000000,0.000000
0.000000,0.000000
0.000000,0.000000
0.000000,0.000000
0.000000,0.000000
0.000000,0.000000
0.000000,0.000000
0.000000,0.000000
0.000000,0.000000
0.000000,0.000000
0.000000,0.000000
0.000000,0.000000
0.000000,0.000000
0.000000,0.000000
0.000000,0.000000
0.000000,0.000000
0.000000,0.000000
0.000000,0.000000
0.000000,0.000000
0.000000,0.000000
0.000000,0.000000
0.000000,0.000000
0.000000,0.000000
0.000000,0.000000
0.000000,0.000000
0.000000,0.000000
0.000000,0.000000
0.000000,0.000000
0.000000,0.000000
0.000000,0.000000
0.000000,0.000000
0.000000,0.000000
0.000000,0.000000
0.000000,0.000000
0.000000,0.000000
0.000000,0.000000
0.000000,0.000000
0.000000,0.000000
0.000000,0.000000
0.000000,0.000000
0.000000,0.000000
0.000000,0.000000
0.000000,0.000000
0.000000,0.000000
0.000000,0.000000
0.000000,0.000000
0.000000,0.000000
0.000000,0.000000
0.000000,0.000000
0.000000,0.000000
0.000000,0.000000
0.000000,0.000000
0.000000,0.000000
0.000000,0.000000
0.000000,0.000000
0.000000,0.000000
0.000000,0.000000
0.000000,0.000000
0.000000,0.000000
0.000000,0.000000
0.000000,0.000000
0.000000,0.000000
0.000000,0.000000
0.000000,0.000000
0.000000,0.000000
0.000000,0.000000
0.000000,0.000000
0.000000,0.000000
0.000000,0.000000
0.000000,0.000000
0.000000,0.000000
0.000000,0.000000
0.000000,0.000000
0.000000,0.000000
0.000000,0.000000
0.000000,0.000000
0.000000,0.000000
0.000000,0.000000
0.000000,0.000000
0.000000,0.000000
0.000000,0.000000
0.000000,0.000000
0.000000,0.000000
0.000000,0.000000
0.000000,0.000000
0.000000,0.000000
0.000000,0.000000
0.000000,0.000000
0.000000,0.000000
0.000000,0.000000
0.000000,0.000000
0.000000,0.000000
0.000000,0.000000
0.000000,0.000000
0.000000,0.000000
0.000000,0.000000
0.000000,0.000000
0.000000,0.000000
0.000000,0.000000
0.000000,0.000000
0.000000,0.000000
0.000000,0.000000
0.000000,0.000000
0.000000,0.000000
0.000000,0.000000
0.000000,0.000000
0.000000,0.000000
0.000000,0.000000
0.000000,0.000000
0.000000,0.000000
0.000000,0.000000
0.000000,0.000000
0.000000,0.000000
0.000000,0.000000
0.000000,0.000000
0.000000,0.000000
0.000000,0.000000
0.000000,0.000000
0.000000,0.000000
0.000000,0.000000
0.000000,0.000000
0.000000,0.000000
0.000000,0.000000
0.000000,0.000000
0.000000,0.000000
0.000000,0.000000
0.000000,0.000000
0.000000,0.000000
0.000000,0.000000
0.000000,0.000000
0.000000,0.000000
0.000000,0.000000
0.000000,0.000000
0.000000,0.000000
0.000000,0.000000
0.000000,0.000000
0.000000,0.000000
0.000000,0.000000
0.000000,0.000000
0.000000,0.000000
0.000000,0.000000
0.000000,0.000000
0.000000,0.000000
0.000000,0.000000
0.000000,0.000000
0.000000,0.000000
0.000000,0.000000
0.000000,0.000000
0.000000,0.000000
0.000000,0.000000
0.000000,0.000000
0.000000,0.000000
0.000000,0.000000
0.000000,0.000000
0.000000,0.000000
0.000000,0.000000
0.000000,0.000000
0.000000,0.000000
0.000000,0.000000
0.000000,0.000000
0.000000,0.000000
0.000000,0.000000
0.000000,0.000000
0.000000,0.000000
0.000000,0.000000
0.000000,0.000000
0.000000,0.000000
0.000000,0.000000
0.000000,0.000000
0.000000,0.000000
0.000000,0.000000
0.000000,0.000000
0.000000,0.000000
0.000000,0.000000
0.000000,0.000000
0.000000,0.000000
0.000000,0.000000
0.000000,0.000000
0.000000,0.000000
0.000000,0.000000
0.000000,0.000000
0.000000,0.000000
0.000000,0.000000
0.000000,0.000000
0.000000,0.000000
0.000000,0.000000
0.000000,0.000000
0.000000,0.000000
0.000000,0.000000
0.000000,0.000000
0.000000,0.000000
0.000000,0.000000
0.000000,0.000000
0.000000,0.000000
0.000000,0.000000
0.000000,0.000000
0.000000,0.000000
0.000000,0.000000
0.000000,0.000000
0.000000,0.000000
0.000000,0.000000
0.000000,0.000000
0.000000,0.000000
0.000000,0.000000
0.000000,0.000000
0.000000,0.000000
0.000000,0.000000
0.000000,0.000000
0.000000,0.000000
0.000000,0.000000
0.000000,0.000000
0.000000,0.000000
0.000000,0.000000
0.000000,0.000000
0.000000,0.000000
0.000000,0.000000
0.000000,0.000000
0.000000,0.000000
0.000000,0.000000
0.000000,0.000000
0.000000,0.000000
0.000000,0.000000
0.000000,0.000000
0.000000,0.000000
0.000000,0.000000
0.000000,0.000000
0.000000,0.000000
0.000000,0.000000
0.000000,0.000000
0.000000,0.000000
0.000000,0.000000
0.000000,0.000000
0.000000,0.000000
0.000000,0.000000
0.000000,0.000000
0.000000,0.000000
0.000000,0.000000
0.000000,0.000000
0.000000,0.000000
0.000000,0.000000
0.000000,0.000000
0.000000,0.000000
0.000000,0.000000
0.000000,0.000000
0.000000,0.000000
0.000000,0.000000
0.000000,0.000000
0.000000,0.000000
0.000000,0.000000
0.000000,0.000000
0.000000,0.000000
0.000000,0.000000
0.000000,0.000000
0.000000,0.000000
0.000000,0.000000
0.000000,0.000000
0.000000,0.000000
0.000000,0.000000
0.000000,0.000000
0.000000,0.000000
0.000000,0.000000
0.000000,0.000000
0.000000,0.000000
0.000000,0.000000
0.000000,0.000000
0.000000,0.000000
0.000000,0.000000
0.000000,0.000000
0.000000,0.000000
0.000000,0.000000
0.000000,0.000000
0.000000,0.000000
0.000000,0.000000
0.000000,0.000000
0.000000,0.000000
0.000000,0.000000
0.000000,0.000000
0.000000,0.000000
0.000000,0.000000
0.000000,0.000000
0.000000,0.000000
0.000000,0.000000
0.000000,0.000000
0.000000,0.000000
0.000000,0.000000
0.000000,0.000000
0.000000,0.000000
0.000000,0.000000
0.000000,0.000000
0.000000,0.000000
0.000000,0.000000
0.000000,0.000000
0.000000,0.000000
0.000000,0.000000
0.000000,0.000000
0.000000,0.000000
0.000000,0.000000
0.000000,0.000000
0.000000,0.000000
0.000000,0.000000
0.000000,0.000000
0.000000,0.000000
0.000000,0.000000
0.000000,0.000000
0.000000,0.000000
0.000000,0.000000
0.000000,0.000000
0.000000,0.000000
0.000000,0.000000
0.000000,0.000000
0.000000,0.000000
0.000000,0.000000
0.000000,0.000000
0.000000,0.000000
0.000000,0.000000
0.000000,0.000000
0.000000,0.000000
0.000000,0.000000
0.000000,0.000000
0.000000,0.000000
0.000000,0.000000
0.000000,0.000000
0.000000,0.000000
0.000000,0.000000
0.000000,0.000000
0.000000,0.000000
0.000000,0.000000
0.000000,0.000000
0.000000,0.000000
0.000000,0.000000
0.000000,0.000000
0.000000,0.000000
0.000000,0.000000
0.000000,0.000000
0.000000,0.000000
0.000000,0.000000
0.000000,0.000000
0.000000,0.000000
0.000000,0.000000
0.000000,0.000000
0.000000,0.000000
0.000000,0.000000
0.000000,0.000000
0.000000,0.000000
0.000000,0.000000
0.000000,0.000000
0.000000,0.000000
0.000000,0.000000
0.000000,0.000000
0.000000,0.000000
0.000000,0.000000
0.000000,0.000000
0.000000,0.000000
0.000000,0.000000
0.000000,0.000000
0.000000,0.000000
0.000000,0.000000
0.000000,0.000000
0.000000,0.000000
0.000000,0.000000
0.000000,0.000000
0.000000,0.000000
0.000000,0.000000
0.000000,0.000000
0.000000,0.000000
0.000000,0.000000
0.000000,0.000000
0.000000,0.000000
0.000000,0.000000
0.000000,0.000000
0.000000,0.000000
0.000000,0.000000
0.000000,0.000000
0.000000,0.000000
0.000000,0.000000
0.000000,0.000000
0.000000,0.000000
0.000000,0.000000
0.000000,0.000000
0.000000,0.000000
0.000000,0.000000
0.000000,0.000000
0.000000,0.000000
0.000000,0.000000
0.000000,0.000000
0.000000,0.000000
0.000000,0.000000
0.000000,0.000000
0.000000,0.000000
0.000000,0.000000
0.000000,0.000000
0.000000,0.000000
0.000000,0.000000
0.000000,0.000000
0.000000,0.000000
0.000000,0.000000
0.000000,0.000000
0.000000,0.000000
0.000000,0.000000
0.000000,0.000000
0.000000,0.000000
0.000000,0.000000
0.000000,0.000000
0.000000,0.000000
0.000000,0.000000
0.000000,0.000000
0.000000,0.000000
0.000000,0.000000
0.000000,0.000000
0.000000,0.000000
0.000000,0.000000
0.000000,0.000000
0.000000,0.000000
0.000000,0.000000
0.000000,0.000000
0.000000,0.000000
0.000000,0.000000
0.000000,0.000000
0.000000,0.000000
0.000000,0.000000
0.000000,0.000000
0.000000,0.000000
0.000000,0.000000
0.000000,0.000000
0.000000,0.000000
0.000000,0.000000
0.000000,0.000000
0.000000,0.000000
0.000000,0.000000
0.000000,0.000000
0.000000,0.000000
0.000000,0.000000
0.000000,0.000000
0.000000,0.000000
0.000000,0.000000
0.000000,0.000000
0.000000,0.000000
0.000000,0.000000
0.000000,0.000000
0.000000,0.000000
0.000000,0.000000
0.000000,0.000000
0.000000,0.000000
0.000000,0.000000
0.000000,0.000000
0.000000,0.000000
0.000000,0.000000
0.000000,0.000000
0.000000,0.000000
0.000000,0.000000
0.000000,0.000000
0.000000,0.000000
0.000000,0.000000
0.000000,0.000000
0.000000,0.000000
0.000000,0.000000
0.000000,0.000000
0.000000,0.000000
0.000000,0.000000
0.000000,0.000000
0.000000,0.000000
0.000000,0.000000
0.000000,0.000000
0.000000,0.000000
0.000000,0.000000
0.000000,0.000000
0.000000,0.000000
0.000000,0.000000
0.000000,0.000000
0.000000,0.000000
0.000000,0.000000
0.000000,0.000000
0.000000,0.000000
0.000000,0.000000
0.000000,0.000000
0.000000,0.000000
0.000000,0.000000
0.000000,0.000000
0.000000,0.000000
0.000000,0.000000
0.000000,0.000000
0.000000,0.000000
0.000000,0.000000
0.000000,0.000000
0.000000,0.000000
0.000000,0.000000
0.000000,0.000000
0.000000,0.000000
0.000000,0.000000
0.000000,0.000000
0.000000,0.000000
0.000000,0.000000
0.000000,0.000000
0.000000,0.000000
0.000000,0.000000
0.000000,0.000000
0.000000,0.000000
0.000000,0.000000
0.000000,0.000000
0.000000,0.000000
0.000000,0.000000
0.000000,0.000000
0.000000,0.000000
0.000000,0.000000
0.000000,0.000000
0.000000,0.000000
0.000000,0.000000
0.000000,0.000000
0.000000,0.000000
0.000000,0.000000
0.000000,0.000000
0.000000,0.000000
0.000000,0.000000
0.000000,0.000000
0.000000,0.000000
0.000000,0.000000
0.000000,0.000000
0.000000,0.000000
0.000000,0.000000
0.000000,0.000000
0.000000,0.000000
0.000000,0.000000
0.000000,0.000000
0.000000,0.000000
0.000000,0.000000
0.000000,0.000000
0.000000,0.000000
0.000000,0.000000
0.000000,0.000000
0.000000,0.000000
0.000000,0.000000
0.000000,0.000000
0.000000,0.000000
0.000000,0.000000
0.000000,0.000000
0.000000,0.000000
0.000000,0.000000
0.000000,0.000000
0.000000,0.000000
0.000000,0.000000
0.000000,0.000000
0.000000,0.000000
0.000000,0.000000
0.000000,0.000000
0.000000,0.000000
0.000000,0.000000
0.000000,0.000000
0.000000,0.000000
0.000000,0.000000
0.000000,0.000000
0.000000,0.000000
0.000000,0.000000
0.000000,0.000000
0.000000,0.000000
0.000000,0.000000
0.000000,0.000000
0.000000,0.000000
0.000000,0.000000
0.000000,0.000000
0.000000,0.000000
0.000000,0.000000
0.000000,0.000000
0.000000,0.000000
0.000000,0.000000
0.000000,0.000000
0.000000,0.000000
0.000000,0.000000
0.000000,0.000000
0.000000,0.000000
0.000000,0.000000
0.000000,0.000000
0.000000,0.000000
0.000000,0.000000
0.000000,0.000000
0.000000,0.000000
0.000000,0.000000
0.000000,0.000000
0.000000,0.000000
0.000000,0.000000
0.000000,0.000000
0.000000,0.000000
0.000000,0.000000
0.000000,0.000000
0.000000,0.000000
0.000000,0.000000
0.000000,0.000000
0.000000,0.000000
0.000000,0.000000
0.000000,0.000000
0.000000,0.000000
0.000000,0.000000
0.000000,0.000000
0.000000,0.000000
0.000000,0.000000
0.000000,0.000000
0.000000,0.000000
0.000000,0.000000
0.000000,0.000000
0.000000,0.000000
0.000000,0.000000
0.000000,0.000000
0.000000,0.000000
0.000000,0.000000
0.000000,0.000000
0.000000,0.000000
0.000000,0.000000
0.000000,0.000000
0.000000,0.000000
0.000000,0.000000
0.000000,0.000000
0.000000,0.000000
0.000000,0.000000
0.000000,0.000000
0.000000,0.000000
0.000000,0.000000
0.000000,0.000000
0.000000,0.000000
0.000000,0.000000
0.000000,0.000000
0.000000,0.000000
0.000000,0.000000
0.000000,0.000000
0.000000,0.000000
0.000000,0.000000
0.000000,0.000000
0.000000,0.000000
0.000000,0.000000
0.000000,0.000000
0.000000,0.000000
0.000000,0.000000
0.000000,0.000000
0.000000,0.000000
0.000000,0.000000
0.000000,0.000000
0.000000,0.000000
0.000000,0.000000
0.000000,0.000000
0.000000,0.000000
0.000000,0.000000
0.000000,0.000000
0.000000,0.000000
0.000000,0.000000
0.000000,0.000000
0.000000,0.000000
0.000000,0.000000
0.000000,0.000000
0.000000,0.000000
0.000000,0.000000
0.000000,0.000000
0.000000,0.000000
0.000000,0.000000
0.000000,0.000000
0.000000,0.000000
0.000000,0.000000
0.000000,0.000000
0.000000,0.000000
0.000000,0.000000
0.000000,0.000000
0.000000,0.000000
0.000000,0.000000
0.000000,0.000000
0.000000,0.000000
0.000000,0.000000
0.000000,0.000000
0.000000,0.000000
0.000000,0.000000
0.000000,0.000000
0.000000,0.000000
0.000000,0.000000
0.000000,0.000000
0.000000,0.000000
0.000000,0.000000
0.000000,0.000000
0.000000,0.000000
0.000000,0.000000
0.000000,0.000000
0.000000,0.000000
0.000000,0.000000
0.000000,0.000000
0.000000,0.000000
0.000000,0.000000
0.000000,0.000000
0.000000,0.000000
0.000000,0.000000
0.000000,0.000000
0.000000,0.000000
0.000000,0.000000
0.000000,0.000000
0.000000,0.000000
0.000000,0.000000
0.000000,0.000000
0.000000,0.000000
0.000000,0.000000
0.000000,0.000000
0.000000,0.000000
0.000000,0.000000
0.000000,0.000000
0.000000,0.000000
0.000000,0.000000
0.000000,0.000000
0.000000,0.000000
0.000000,0.000000
0.000000,0.000000
0.000000,0.000000
0.000000,0.000000
0.000000,0.000000
0.000000,0.000000
0.000000,0.000000
0.000000,0.000000
0.000000,0.000000
0.000000,0.000000
0.000000,0.000000
0.000000,0.000000
0.000000,0.000000
0.000000,0.000000
0.000000,0.000000
0.000000,0.000000
0.000000,0.000000
0.000000,0.000000
0.000000,0.000000
0.000000,0.000000
0.000000,0.000000
0.000000,0.000000
0.000000,0.000000
0.000000,0.000000
0.000000,0.000000
0.000000,0.000000
0.000000,0.000000
0.000000,0.000000
0.000000,0.000000
0.000000,0.000000
0.000000,0.000000
0.000000,0.000000
0.000000,0.000000
0.000000,0.000000
0.000000,0.000000
0.000000,0.000000
0.000000,0.000000
0.000000,0.000000
0.000000,0.000000
0.000000,0.000000
0.000000,0.000000
0.000000,0.000000
0.000000,0.000000
0.000000,0.000000
0.000000,0.000000
0.000000,0.000000
0.000000,0.000000
0.000000,0.000000
0.000000,0.000000
0.000000,0.000000
0.000000,0.000000
0.000000,0.000000
0.000000,0.000000
0.000000,0.000000
0.000000,0.000000
0.000000,0.000000
0.000000,0.000000
0.000000,0.000000
0.000000,0.000000
0.000000,0.000000
0.000000,0.000000
0.000000,0.000000
0.000000,0.000000
0.000000,0.000000
0.000000,0.000000
0.000000,0.000000
0.000000,0.000000
0.000000,0.000000
0.000000,0.000000
0.000000,0.000000
0.000000,0.000000
0.000000,0.000000
0.000000,0.000000
0.000000,0.000000
0.000000,0.000000
0.000000,0.000000
0.000000,0.000000
0.000000,0.000000
0.000000,0.000000
0.000000,0.000000
0.000000,0.000000
0.000000,0.000000
0.000000,0.000000
0.000000,0.000000
0.000000,0.000000
0.000000,0.000000
0.000000,0.000000
0.000000,0.000000
0.000000,0.000000
0.000000,0.000000
0.000000,0.000000
0.000000,0.000000
0.000000,0.000000
0.000000,0.000000
0.000000,0.000000
0.000000,0.000000
0.000000,0.000000
0.000000,0.000000
0.000000,0.000000
0.000000,0.000000
0.000000,0.000000
0.000000,0.000000
0.000000,0.000000
0.000000,0.000000
0.000000,0.000000
0.000000,0.000000
0.000000,0.000000
0.000000,0.000000
0.000000,0.000000
0.000000,0.000000
0.000000,0.000000
0.000000,0.000000
0.000000,0.000000
0.000000,0.000000
0.000000,0.000000
0.000000,0.000000
0.000000,0.000000
0.000000,0.000000
0.000000,0.000000
0.000000,0.000000
0.000000,0.000000
0.000000,0.000000
0.000000,0.000000
0.000000,0.000000
0.000000,0.000000
0.000000,0.000000
0.000000,0.000000
0.000000,0.000000
0.000000,0.000000
0.000000,0.000000
0.000000,0.000000
0.000000,0.000000
0.000000,0.000000
0.000000,0.000000
0.000000,0.000000
0.000000,0.000000
0.000000,0.000000
0.000000,0.000000
0.000000,0.000000
0.000000,0.000000
0.000000,0.000000
0.000000,0.000000
0.000000,0.000000
0.000000,0.000000
0.000000,0.000000
0.000000,0.000000
0.000000,0.000000
0.000000,0.000000
0.000000,0.000000
0.000000,0.000000
0.000000,0.000000
0.000000,0.000000
0.000000,0.000000
0.000000,0.000000
0.000000,0.000000
0.000000,0.000000
0.000000,0.000000
0.000000,0.000000
0.000000,0.000000
0.000000,0.000000
0.000000,0.000000
0.000000,0.000000
0.000000,0.000000
0.000000,0.000000
0.000000,0.000000
0.000000,0.000000
0.000000,0.000000
0.000000,0.000000
0.000000,0.000000
0.000000,0.000000
0.000000,0.000000
0.000000,0.000000
0.000000,0.000000
0.000000,0.000000
0.000000,0.000000
0.000000,0.000000
0.000000,0.000000
0.000000,0.000000
0.000000,0.000000
0.000000,0.000000
0.000000,0.000000
0.000000,0.000000
0.000000,0.000000
0.000000,0.000000
0.000000,0.000000
0.000000,0.000000
0.000000,0.000000
0.000000,0.000000
0.000000,0.000000
0.000000,0.000000
0.000000,0.000000
0.000000,0.000000
0.000000,0.000000
0.000000,0.000000
0.000000,0.000000
0.000000,0.000000
0.000000,0.000000
0.000000,0.000000
0.000000,0.000000
0.000000,0.000000
0.000000,0.000000
0.000000,0.000000
0.000000,0.000000
0.000000,0.000000
0.000000,0.000000
0.000000,0.000000
0.000000,0.000000
0.000000,0.000000
0.000000,0.000000
0.000000,0.000000
0.000000,0.000000
0.000000,0.000000
0.000000,0.000000
0.000000,0.000000
0.000000,0.000000
0.000000,0.000000
0.000000,0.000000
0.000000,0.000000
0.000000,0.000000
0.000000,0.000000
0.000000,0.000000
0.000000,0.000000
0.000000,0.000000
0.000000,0.000000
0.000000,0.000000
0.000000,0.000000
0.000000,0.000000
0.000000,0.000000
0.000000,0.000000
0.000000,0.000000
0.000000,0.000000
0.000000,0.000000
0.000000,0.000000
0.000000,0.000000
0.000000,0.000000
0.000000,0.000000
0.000000,0.000000
0.000000,0.000000
0.000000,0.000000
0.000000,0.000000
0.000000,0.000000
0.000000,0.000000
0.000000,0.000000
0.000000,0.000000
0.000000,0.000000
0.000000,0.000000
0.000000,0.000000
0.000000,0.000000
0.000000,0.000000
0.000000,0.000000
0.000000,0.000000
0.000000,0.000000
0.000000,0.000000
0.000000,0.000000
0.000000,0.000000
0.000000,0.000000
0.000000,0.000000
0.000000,0.000000
0.000000,0.000000
0.000000,0.000000
0.000000,0.000000
0.000000,0.000000
0.000000,0.000000
0.000000,0.000000
0.000000,0.000000
0.000000,0.000000
0.000000,0.000000
0.000000,0.000000
0.000000,0.000000
0.000000,0.000000
0.000000,0.000000
0.000000,0.000000
0.000000,0.000000
0.000000,0.000000
0.000000,0.000000
0.000000,0.000000
0.000000,0.000000
0.000000,0.000000
0.000000,0.000000
0.000000,0.000000
0.000000,0.000000
0.000000,0.000000
0.000000,0.000000
0.000000,0.000000
0.000000,0.000000
0.000000,0.000000
0.000000,0.000000
0.000000,0.000000
0.000000,0.000000
0.000000,0.000000
0.000000,0.000000
0.000000,0.000000
0.000000,0.000000
0.000000,0.000000
0.000000,0.000000
0.000000,0.000000
0.000000,0.000000
0.000000,0.000000
0.000000,0.000000
0.000000,0.000000
0.000000,0.000000
0.000000,0.000000
0.000000,0.000000
0.000000,0.000000
0.000000,0.000000
0.000000,0.000000
0.000000,0.000000
0.000000,0.000000
0.000000,0.000000
0.000000,0.000000
0.000000,0.000000
0.000000,0.000000
0.000000,0.000000
0.000000,0.000000
0.000000,0.000000
0.000000,0.000000
0.000000,0.000000
0.000000,0.000000
0.000000,0.000000
0.000000,0.000000
0.000000,0.000000
0.000000,0.000000
0.000000,0.000000
0.000000,0.000000
0.000000,0.000000
0.000000,0.000000
0.000000,0.000000
0.000000,0.000000
0.000000,0.000000
0.000000,0.000000
0.000000,0.000000
0.000000,0.000000
0.000000,0.000000
0.000000,0.000000
0.000000,0.000000
0.000000,0.000000
0.000000,0.000000
0.000000,0.000000
0.000000,0.000000
0.000000,0.000000
0.000000,0.000000
0.000000,0.000000
0.000000,0.000000
0.000000,0.000000
0.000000,0.000000
0.000000,0.000000
0.000000,0.000000
0.000000,0.000000
0.000000,0.000000
0.000000,0.000000
0.000000,0.000000
0.000000,0.000000
0.000000,0.000000
0.000000,0.000000
0.000000,0.000000
0.000000,0.000000
0.000000,0.000000
0.000000,0.000000
0.000000,0.000000
0.000000,0.000000
0.000000,0.000000
0.000000,0.000000
0.000000,0.000000
0.000000,0.000000
0.000000,0.000000
0.000000,0.000000
0.000000,0.000000
0.000000,0.000000
0.000000,0.000000
0.000000,0.000000
0.000000,0.000000
0.000000,0.000000
0.000000,0.000000
0.000000,0.000000
0.000000,0.000000
0.000000,0.000000
0.000000,0.000000
0.000000,0.000000
0.000000,0.000000
0.000000,0.000000
0.000000,0.000000
0.000000,0.000000
0.000000,0.000000
0.000000,0.000000
0.000000,0.000000
0.000000,0.000000
0.000000,0.000000
0.000000,0.000000
0.000000,0.000000
0.000000,0.000000
0.000000,0.000000
0.000000,0.000000
0.000000,0.000000
0.000000,0.000000
0.000000,0.000000
0.000000,0.000000
0.000000,0.000000
0.000000,0.000000
0.000000,0.000000
0.000000,0.000000
0.000000,0.000000
0.000000,0.000000
0.000000,0.000000
0.000000,0.000000
0.000000,0.000000
0.000000,0.000000
0.000000,0.000000
0.000000,0.000000
0.000000,0.000000
0.000000,0.000000
0.000000,0.000000
0.000000,0.000000
0.000000,0.000000
0.000000,0.000000
0.000000,0.000000
0.000000,0.000000
0.000000,0.000000
0.000000,0.000000
0.000000,0.000000
0.000000,0.000000
0.000000,0.000000
0.000000,0.000000
0.000000,0.000000
0.000000,0.000000
0.000000,0.000000
0.000000,0.000000
0.000000,0.000000
0.000000,0.000000
0.000000,0.000000
0.000000,0.000000
0.000000,0.000000
0.000000,0.000000
0.000000,0.000000
0.000000,0.000000
0.000000,0.000000
0.000000,0.000000
0.000000,0.000000
0.000000,0.000000
0.000000,0.000000
0.000000,0.000000
0.000000,0.000000
0.000000,0.000000
0.000000,0.000000
0.000000,0.000000
0.000000,0.000000
0.000000,0.000000
0.000000,0.000000
0.000000,0.000000
0.000000,0.000000
0.000000,0.000000
0.000000,0.000000
0.000000,0.000000
0.000000,0.000000
0.000000,0.000000
0.000000,0.000000
0.000000,0.000000
0.000000,0.000000
0.000000,0.000000
0.000000,0.000000
0.000000,0.000000
0.000000,0.000000
0.000000,0.000000
0.000000,0.000000
0.000000,0.000000
0.000000,0.000000
0.000000,0.000000
0.000000,0.000000
0.000000,0.000000
0.000000,0.000000
0.000000,0.000000
0.000000,0.000000
0.000000,0.000000
0.000000,0.000000
0.000000,0.000000
0.000000,0.000000
0.000000,0.000000
0.000000,0.000000
0.000000,0.000000
0.000000,0.000000
0.000000,0.000000
0.000000,0.000000
0.000000,0.000000
0.000000,0.000000
0.000000,0.000000
0.000000,0.000000
0.000000,0.000000
0.000000,0.000000
0.000000,0.000000
0.000000,0.000000
0.000000,0.000000
0.000000,0.000000
0.000000,0.000000
0.000000,0.000000
0.000000,0.000000
0.000000,0.000000
0.000000,0.000000
0.000000,0.000000
0.000000,0.000000
0.000000,0.000000
0.000000,0.000000
0.000000,0.000000
0.000000,0.000000
0.000000,0.000000
0.000000,0.000000
0.000000,0.000000
0.000000,0.000000
0.000000,0.000000
0.000000,0.000000
0.000000,0.000000
0.000000,0.000000
0.000000,0.000000
0.000000,0.000000
0.000000,0.000000
0.000000,0.000000
0.000000,0.000000
0.000000,0.000000
0.000000,0.000000
0.000000,0.000000
0.000000,0.000000
0.000000,0.000000
0.000000,0.000000
0.000000,0.000000
0.000000,0.000000
0.000000,0.000000
0.000000,0.000000
0.000000,0.000000
0.000000,0.000000
0.000000,0.000000
0.000000,0.000000
0.000000,0.000000
0.000000,0.000000
0.000000,0.000000
0.000000,0.000000
0.000000,0.000000
0.000000,0.000000
0.000000,0.000000
0.000000,0.000000
0.000000,0.000000
0.000000,0.000000
0.000000,0.000000
0.000000,0.000000
0.000000,0.000000
0.000000,0.000000
0.000000,0.000000
0.000000,0.000000
0.000000,0.000000
0.000000,0.000000
0.000000,0.000000
0.000000,0.000000
0.000000,0.000000
0.000000,0.000000
0.000000,0.000000
0.000000,0.000000
0.000000,0.000000
0.000000,0.000000
0.000000,0.000000
0.000000,0.000000
0.000000,0.000000
0.000000,0.000000
0.000000,0.000000
0.000000,0.000000
0.000000,0.000000
0.000000,0.000000
0.000000,0.000000
0.000000,0.000000
0.000000,0.000000
0.000000,0.000000
0.000000,0.000000
0.000000,0.000000
0.000000,0.000000
0.000000,0.000000
0.000000,0.000000
0.000000,0.000000
0.000000,0.000000
0.000000,0.000000
0.000000,0.000000
0.000000,0.000000
0.000000,0.000000
0.000000,0.000000
0.000000,0.000000
0.000000,0.000000
0.000000,0.000000
0.000000,0.000000
0.000000,0.000000
0.000000,0.000000
0.000000,0.000000
0.000000,0.000000
0.000000,0.000000
0.000000,0.000000
0.000000,0.000000
0.000000,0.000000
0.000000,0.000000
0.000000,0.000000
0.000000,0.000000
0.000000,0.000000
0.000000,0.000000
0.000000,0.000000
0.000000,0.000000
0.000000,0.000000
0.000000,0.000000
0.000000,0.000000
0.000000,0.000000
0.000000,0.000000
0.000000,0.000000
0.000000,0.000000
0.000000,0.000000
0.000000,0.000000
0.000000,0.000000
0.000000,0.000000
0.000000,0.000000
0.000000,0.000000
0.000000,0.000000
0.000000,0.000000
0.000000,0.000000
0.000000,0.000000
0.000000,0.000000
0.000000,0.000000
0.000000,0.000000
0.000000,0.000000
0.000000,0.000000
0.000000,0.000000
0.000000,0.000000
0.000000,0.000000
0.000000,0.000000
0.000000,0.000000
0.000000,0.000000
0.000000,0.000000
0.000000,0.000000
0.000000,0.000000
0.000000,0.000000
0.000000,0.000000
0.000000,0.000000
0.000000,0.000000
0.000000,0.000000
0.000000,0.000000
0.000000,0.000000
0.000000,0.000000
0.000000,0.000000
0.000000,0.000000
0.000000,0.000000
0.000000,0.000000
0.000000,0.000000
0.000000,0.000000
0.000000,0.000000
0.000000,0.000000
0.000000,0.000000
0.000000,0.000000
0.000000,0.000000
0.000000,0.000000
0.000000,0.000000
0.000000,0.000000
0.000000,0.000000
0.000000,0.000000
0.000000,0.000000
0.000000,0.000000
0.000000,0.000000
0.000000,0.000000
0.000000,0.000000
0.000000,0.000000
0.000000,0.000000
0.000000,0.000000
0.000000,0.000000
0.000000,0.000000
0.000000,0.000000
0.000000,0.000000
0.000000,0.000000
0.000000,0.000000
0.000000,0.000000
0.000000,0.000000
0.000000,0.000000
0.000000,0.000000
0.000000,0.000000
0.000000,0.000000
0.000000,0.000000
0.000000,0.000000
0.000000,0.000000
0.000000,0.000000
0.000000,0.000000
0.000000,0.000000
0.000000,0.000000
0.000000,0.000000
0.000000,0.000000
0.000000,0.000000
0.000000,0.000000
0.000000,0.000000
0.000000,0.000000
0.000000,0.000000
0.000000,0.000000
0.000000,0.000000
0.000000,0.000000
0.000000,0.000000
0.000000,0.000000
0.000000,0.000000
0.000000,0.000000
0.000000,0.000000
0.000000,0.000000
0.000000,0.000000
0.000000,0.000000
0.000000,0.000000
0.000000,0.000000
0.000000,0.000000
0.000000,0.000000
0.000000,0.000000
0.000000,0.000000
0.000000,0.000000
0.000000,0.000000
0.000000,0.000000
0.000000,0.000000
0.000000,0.000000
0.000000,0.000000
0.000000,0.000000
0.000000,0.000000
0.000000,0.000000
0.000000,0.000000
0.000000,0.000000
0.000000,0.000000
0.000000,0.000000
0.000000,0.000000
0.000000,0.000000
0.000000,0.000000
0.000000,0.000000
0.000000,0.000000
0.000000,0.000000
0.000000,0.000000
0.000000,0.000000
0.000000,0.000000
0.000000,0.000000
0.000000,0.000000
0.000000,0.000000
0.000000,0.000000
0.000000,0.000000
0.000000,0.000000
0.000000,0.000000
0.000000,0.000000
0.000000,0.000000
0.000000,0.000000
0.000000,0.000000
0.000000,0.000000
0.000000,0.000000
0.000000,0.000000
0.000000,0.000000
0.000000,0.000000
0.000000,0.000000
0.000000,0.000000
0.000000,0.000000
0.000000,0.000000
0.000000,0.000000
0.000000,0.000000
0.000000,0.000000
0.000000,0.000000
0.000000,0.000000
0.000000,0.000000
0.000000,0.000000
0.000000,0.000000
0.000000,0.000000
0.000000,0.000000
0.000000,0.000000
0.000000,0.000000
0.000000,0.000000
0.000000,0.000000
0.000000,0.000000
0.000000,0.000000
0.000000,0.000000
0.000000,0.000000
0.000000,0.000000
0.000000,0.000000
0.000000,0.000000
0.000000,0.000000
0.000000,0.000000
0.000000,0.000000
0.000000,0.000000
0.000000,0.000000
0.000000,0.000000
0.000000,0.000000
0.000000,0.000000
0.000000,0.000000
0.000000,0.000000
0.000000,0.000000
0.000000,0.000000
0.000000,0.000000
0.000000,0.000000
0.000000,0.000000
0.000000,0.000000
0.000000,0.000000
0.000000,0.000000
0.000000,0.000000
0.000000,0.000000
0.000000,0.000000
0.000000,0.000000
0.000000,0.000000
0.000000,0.000000
0.000000,0.000000
0.000000,0.000000
0.000000,0.000000
0.000000,0.000000
0.000000,0.000000
0.000000,0.000000
0.000000,0.000000
0.000000,0.000000
0.000000,0.000000
0.000000,0.000000
0.000000,0.000000
0.000000,0.000000
0.000000,0.000000
0.000000,0.000000
0.000000,0.000000
0.000000,0.000000
0.000000,0.000000
0.000000,0.000000
0.000000,0.000000
0.000000,0.000000
0.000000,0.000000
0.000000,0.000000
0.000000,0.000000
0.000000,0.000000
0.000000,0.000000
0.000000,0.000000
0.000000,0.000000
0.000000,0.000000
0.000000,0.000000
0.000000,0.000000
0.000000,0.000000
0.000000,0.000000
0.000000,0.000000
0.000000,0.000000
0.000000,0.000000
0.000000,0.000000
0.000000,0.000000
0.000000,0.000000
0.000000,0.000000
0.000000,0.000000
0.000000,0.000000
0.000000,0.000000
0.000000,0.000000
0.000000,0.000000
0.000000,0.000000
0.000000,0.000000
0.000000,0.000000
0.000000,0.000000
0.000000,0.000000
0.000000,0.000000
0.000000,0.000000
0.000000,0.000000
0.000000,0.000000
0.000000,0.000000
0.000000,0.000000
0.000000,0.000000
0.000000,0.000000
0.000000,0.000000
0.000000,0.000000
0.000000,0.000000
0.000000,0.000000
0.000000,0.000000
0.000000,0.000000
0.000000,0.000000
0.000000,0.000000
0.000000,0.000000
0.000000,0.000000
0.000000,0.000000
0.000000,0.000000
0.000000,0.000000
0.000000,0.000000
0.000000,0.000000
0.000000,0.000000
0.000000,0.000000
0.000000,0.000000
0.000000,0.000000
0.000000,0.000000
0.000000,0.000000
0.000000,0.000000
0.000000,0.000000
0.000000,0.000000
0.000000,0.000000
0.000000,0.000000
0.000000,0.000000
0.000000,0.000000
0.000000,0.000000
0.000000,0.000000
0.000000,0.000000
0.000000,0.000000
0.000000,0.000000
0.000000,0.000000
0.000000,0.000000
0.000000,0.000000
0.000000,0.000000
0.000000,0.000000
0.000000,0.000000
0.000000,0.000000
0.000000,0.000000
0.000000,0.000000
0.000000,0.000000
0.000000,0.000000
0.000000,0.000000
0.000000,0.000000
0.000000,0.000000
0.000000,0.000000
0.000000,0.000000
0.000000,0.000000
0.000000,0.000000
0.000000,0.000000
0.000000,0.000000
0.000000,0.000000
0.000000,0.000000
0.000000,0.000000
0.000000,0.000000
0.000000,0.000000
0.000000,0.000000
0.000000,0.000000
0.000000,0.000000
0.000000,0.000000
0.000000,0.000000
0.000000,0.000000
0.000000,0.000000
0.000000,0.000000
0.000000,0.000000
0.000000,0.000000
0.000000,0.000000
0.000000,0.000000
0.000000,0.000000
0.000000,0.000000
0.000000,0.000000
0.000000,0.000000
0.000000,0.000000
0.000000,0.000000
0.000000,0.000000
0.000000,0.000000
0.000000,0.000000
0.000000,0.000000
0.000000,0.000000
0.000000,0.000000
0.000000,0.000000
0.000000,0.000000
0.000000,0.000000
0.000000,0.000000
0.000000,0.000000
0.000000,0.000000
0.000000,0.000000
0.000000,0.000000
0.000000,0.000000
0.000000,0.000000
0.000000,0.000000
0.000000,0.000000
0.000000,0.000000
0.000000,0.000000
0.000000,0.000000
0.000000,0.000000
0.000000,0.000000
0.000000,0.000000
0.000000,0.000000
0.000000,0.000000
0.000000,0.000000
0.000000,0.000000
0.000000,0.000000
0.000000,0.000000
0.000000,0.000000
0.000000,0.000000
0.000000,0.000000
0.000000,0.000000
0.000000,0.000000
0.000000,0.000000
0.000000,0.000000
0.000000,0.000000
0.000000,0.000000
0.000000,0.000000
0.000000,0.000000
0.000000,0.000000
0.000000,0.000000
0.000000,0.000000
0.000000,0.000000
0.000000,0.000000
0.000000,0.000000
0.000000,0.000000
0.000000,0.000000
0.000000,0.000000
0.000000,0.000000
0.000000,0.000000
0.000000,0.000000
0.000000,0.000000
0.000000,0.000000
0.000000,0.000000
0.000000,0.000000
0.000000,0.000000
0.000000,0.000000
0.000000,0.000000
0.000000,0.000000
0.000000,0.000000
0.000000,0.000000
0.000000,0.000000
0.000000,0.000000
0.000000,0.000000
0.000000,0.000000
0.000000,0.000000
0.000000,0.000000
0.000000,0.000000
0.000000,0.000000
0.000000,0.000000
0.000000,0.000000
0.000000,0.000000
0.000000,0.000000
0.000000,0.000000
0.000000,0.000000
0.000000,0.000000
0.000000,0.000000
0.000000,0.000000
0.000000,0.000000
0.000000,0.000000
0.000000,0.000000
0.000000,0.000000
0.000000,0.000000
0.000000,0.000000
0.000000,0.000000
0.000000,0.000000
0.000000,0.000000
0.000000,0.000000
0.000000,0.000000
0.000000,0.000000
0.000000,0.000000
0.000000,0.000000
0.000000,0.000000
0.000000,0.000000
0.000000,0.000000
0.000000,0.000000
0.000000,0.000000
0.000000,0.000000
0.000000,0.000000
0.000000,0.000000
0.000000,0.000000
0.000000,0.000000
0.000000,0.000000
0.000000,0.000000
0.000000,0.000000
0.000000,0.000000
0.000000,0.000000
0.000000,0.000000
0.000000,0.000000
0.000000,0.000000
0.000000,0.000000
0.000000,0.000000
0.000000,0.000000
0.000000,0.000000
0.000000,0.000000
0.000000,0.000000
0.000000,0.000000
0.000000,0.000000
0.000000,0.000000
0.000000,0.000000
0.000000,0.000000
0.000000,0.000000
0.000000,0.000000
0.000000,0.000000
0.000000,0.000000
0.000000,0.000000
0.000000,0.000000
0.000000,0.000000
0.000000,0.000000
0.000000,0.000000
0.000000,0.000000
0.000000,0.000000
0.000000,0.000000
0.000000,0.000000
0.000000,0.000000
0.000000,0.000000
0.000000,0.000000
0.000000,0.000000
0.000000,0.000000
0.000000,0.000000
0.000000,0.000000
0.000000,0.000000
0.000000,0.000000
0.000000,0.000000
0.000000,0.000000
0.000000,0.000000
0.000000,0.000000
0.000000,0.000000
0.000000,0.000000
0.000000,0.000000
0.000000,0.000000
0.000000,0.000000
0.000000,0.000000
0.000000,0.000000
0.000000,0.000000
0.000000,0.000000
0.000000,0.000000
0.000000,0.000000
0.000000,0.000000
0.000000,0.000000
0.000000,0.000000
0.000000,0.000000
0.000000,0.000000
0.000000,0.000000
0.000000,0.000000
0.000000,0.000000
0.000000,0.000000
0.000000,0.000000
0.000000,0.000000
0.000000,0.000000
0.000000,0.000000
0.000000,0.000000
0.000000,0.000000
0.000000,0.000000
0.000000,0.000000
0.000000,0.000000
0.000000,0.000000
0.000000,0.000000
0.000000,0.000000
0.000000,0.000000
0.000000,0.000000
0.000000,0.000000
0.000000,0.000000
0.000000,0.000000
0.000000,0.000000
0.000000,0.000000
0.000000,0.000000
0.000000,0.000000
0.000000,0.000000
0.000000,0.000000
0.000000,0.000000
0.000000,0.000000
0.000000,0.000000
0.000000,0.000000
0.000000,0.000000
0.000000,0.000000
0.000000,0.000000
0.000000,0.000000
0.000000,0.000000
0.000000,0.000000
0.000000,0.000000
0.000000,0.000000
0.000000,0.000000
0.000000,0.000000
0.000000,0.000000
0.000000,0.000000
0.000000,0.000000
0.000000,0.000000
0.000000,0.000000
0.000000,0.000000
0.000000,0.000000
0.000000,0.000000
0.000000,0.000000
0.000000,0.000000
0.000000,0.000000
0.000000,0.000000
0.000000,0.000000
0.000000,0.000000
0.000000,0.000000
0.000000,0.000000
0.000000,0.000000
0.000000,0.000000
0.000000,0.000000
0.000000,0.000000
0.000000,0.000000
0.000000,0.000000
0.000000,0.000000
0.000000,0.000000
0.000000,0.000000
0.000000,0.000000
0.000000,0.000000
0.000000,0.000000
0.000000,0.000000
0.000000,0.000000
0.000000,0.000000
0.000000,0.000000
0.000000,0.000000
0.000000,0.000000
0.000000,0.000000
0.000000,0.000000
0.000000,0.000000
0.000000,0.000000
0.000000,0.000000
0.000000,0.000000
0.000000,0.000000
0.000000,0.000000
0.000000,0.000000
0.000000,0.000000
0.000000,0.000000
0.000000,0.000000
0.000000,0.000000
0.000000,0.000000
0.000000,0.000000
0.000000,0.000000
0.000000,0.000000
0.000000,0.000000
0.000000,0.000000
0.000000,0.000000
0.000000,0.000000
0.000000,0.000000
0.000000,0.000000
0.000000,0.000000
0.000000,0.000000
0.000000,0.000000
0.000000,0.000000
0.000000,0.000000
0.000000,0.000000
0.000000,0.000000
0.000000,0.000000
0.000000,0.000000
0.000000,0.000000
0.000000,0.000000
0.000000,0.000000
0.000000,0.000000
0.000000,0.000000
0.000000,0.000000
0.000000,0.000000
0.000000,0.000000
0.000000,0.000000
0.000000,0.000000
0.000000,0.000000
0.000000,0.000000
0.000000,0.000000
0.000000,0.000000
0.000000,0.000000
0.000000,0.000000
0.000000,0.000000
0.000000,0.000000
0.000000,0.000000
0.000000,0.000000
0.000000,0.000000
0.000000,0.000000
0.000000,0.000000
0.000000,0.000000
0.000000,0.000000
0.000000,0.000000
0.000000,0.000000
0.000000,0.000000
0.000000,0.000000
0.000000,0.000000
0.000000,0.000000
0.000000,0.000000
0.000000,0.000000
0.000000,0.000000
0.000000,0.000000
0.000000,0.000000
0.000000,0.000000
0.000000,0.000000
0.000000,0.000000
0.000000,0.000000
0.000000,0.000000
0.000000,0.000000
0.000000,0.000000
0.000000,0.000000
0.000000,0.000000
0.000000,0.000000
0.000000,0.000000
0.000000,0.000000
0.000000,0.000000
0.000000,0.000000
0.000000,0.000000
0.000000,0.000000
0.000000,0.000000
0.000000,0.000000
0.000000,0.000000
0.000000,0.000000
0.000000,0.000000
0.000000,0.000000
0.000000,0.000000
0.000000,0.000000
0.000000,0.000000
0.000000,0.000000
0.000000,0.000000
0.000000,0.000000
0.000000,0.000000
0.000000,0.000000
0.000000,0.000000
0.000000,0.000000
0.000000,0.000000
0.000000,0.000000
0.000000,0.000000
0.000000,0.000000
0.000000,0.000000
0.000000,0.000000
0.000000,0.000000
0.000000,0.000000
0.000000,0.000000
0.000000,0.000000
0.000000,0.000000
0.000000,0.000000
0.000000,0.000000
0.000000,0.000000
0.000000,0.000000
0.000000,0.000000
0.000000,0.000000
0.000000,0.000000
0.000000,0.000000
0.000000,0.000000
0.000000,0.000000
0.000000,0.000000
0.000000,0.000000
0.000000,0.000000
0.000000,0.000000
0.000000,0.000000
0.000000,0.000000
0.000000,0.000000
0.000000,0.000000
0.000000,0.000000
0.000000,0.000000
0.000000,0.000000
0.000000,0.000000
0.000000,0.000000
0.000000,0.000000
0.000000,0.000000
0.000000,0.000000
0.000000,0.000000
0.000000,0.000000
0.000000,0.000000
0.000000,0.000000
0.000000,0.000000
0.000000,0.000000
0.000000,0.000000
0.000000,0.000000
0.000000,0.000000
0.000000,0.000000
0.000000,0.000000
0.000000,0.000000
0.000000,0.000000
0.000000,0.000000
0.000000,0.000000
0.000000,0.000000
0.000000,0.000000
0.000000,0.000000
0.000000,0.000000
0.000000,0.000000
0.000000,0.000000
0.000000,0.000000
0.000000,0.000000
0.000000,0.000000
0.000000,0.000000
0.000000,0.000000
0.000000,0.000000
0.000000,0.000000
0.000000,0.000000
0.000000,0.000000
0.000000,0.000000
0.000000,0.000000
0.000000,0.000000
0.000000,0.000000
0.000000,0.000000
0.000000,0.000000
0.000000,0.000000
0.000000,0.000000
0.000000,0.000000
0.000000,0.000000
0.000000,0.000000
0.000000,0.000000
0.000000,0.000000
0.000000,0.000000
0.000000,0.000000
0.000000,0.000000
0.000000,0.000000
0.000000,0.000000
0.000000,0.000000
0.000000,0.000000
0.000000,0.000000
0.000000,0.000000
0.000000,0.000000
0.000000,0.000000
0.000000,0.000000
0.000000,0.000000
0.000000,0.000000
0.000000,0.000000
0.000000,0.000000
0.000000,0.000000
0.000000,0.000000
0.000000,0.000000
0.000000,0.000000
0.000000,0.000000
0.000000,0.000000
0.000000,0.000000
0.000000,0.000000
0.000000,0.000000
0.000000,0.000000
0.000000,0.000000
0.000000,0.000000
0.000000,0.000000
0.000000,0.000000
0.000000,0.000000
0.000000,0.000000
0.000000,0.000000
0.000000,0.000000
0.000000,0.000000
0.000000,0.000000
0.000000,0.000000
0.000000,0.000000
0.000000,0.000000
0.000000,0.000000
0.000000,0.000000
0.000000,0.000000
0.000000,0.000000
0.000000,0.000000
0.000000,0.000000
0.000000,0.000000
0.000000,0.000000
0.000000,0.000000
0.000000,0.000000
0.000000,0.000000
0.000000,0.000000
0.000000,0.000000
0.000000,0.000000
0.000000,0.000000
0.000000,0.000000
0.000000,0.000000
0.000000,0.000000
0.000000,0.000000
0.000000,0.000000
0.000000,0.000000
0.000000,0.000000
0.000000,0.000000
0.000000,0.000000
0.000000,0.000000
0.000000,0.000000
0.000000,0.000000
0.000000,0.000000
0.000000,0.000000
0.000000,0.000000
0.000000,0.000000
0.000000,0.000000
0.000000,0.000000
0.000000,0.000000
0.000000,0.000000
0.000000,0.000000
0.000000,0.000000
0.000000,0.000000
0.000000,0.000000
0.000000,0.000000
0.000000,0.000000
0.000000,0.000000
0.000000,0.000000
0.000000,0.000000
0.000000,0.000000
0.000000,0.000000
0.000000,0.000000
0.000000,0.000000
0.000000,0.000000
0.000000,0.000000
0.000000,0.000000
0.000000,0.000000
0.000000,0.000000
0.000000,0.000000
0.000000,0.000000
0.000000,0.000000
0.000000,0.000000
0.000000,0.000000
0.000000,0.000000
0.000000,0.000000
0.000000,0.000000
0.000000,0.000000
0.000000,0.000000
0.000000,0.000000
0.000000,0.000000
0.000000,0.000000
0.000000,0.000000
0.000000,0.000000
0.000000,0.000000
0.000000,0.000000
0.000000,0.000000
0.000000,0.000000
0.000000,0.000000
0.000000,0.000000
0.000000,0.000000
0.000000,0.000000
0.000000,0.000000
0.000000,0.000000
0.000000,0.000000
0.000000,0.000000
0.000000,0.000000
0.000000,0.000000
0.000000,0.000000
0.000000,0.000000
0.000000,0.000000
0.000000,0.000000
0.000000,0.000000
0.000000,0.000000
0.000000,0.000000
0.000000,0.000000
0.000000,0.000000
0.000000,0.000000
0.000000,0.000000
0.000000,0.000000
0.000000,0.000000
0.000000,0.000000
0.000000,0.000000
0.000000,0.000000
0.000000,0.000000
0.000000,0.000000
0.000000,0.000000
0.000000,0.000000
0.000000,0.000000
0.000000,0.000000
0.000000,0.000000
0.000000,0.000000
0.000000,0.000000
0.000000,0.000000
0.000000,0.000000
0.000000,0.000000
0.000000,0.000000
0.000000,0.000000
0.000000,0.000000
0.000000,0.000000
0.000000,0.000000
0.000000,0.000000
0.000000,0.000000
0.000000,0.000000
0.000000,0.000000
0.000000,0.000000
0.000000,0.000000
0.000000,0.000000
0.000000,0.000000
0.000000,0.000000
0.000000,0.000000
0.000000,0.000000
0.000000,0.000000
0.000000,0.000000
0.000000,0.000000
0.000000,0.000000
0.000000,0.000000
0.000000,0.000000
0.000000,0.000000
0.000000,0.000000
0.000000,0.000000
0.000000,0.000000
0.000000,0.000000
0.000000,0.000000
0.000000,0.000000
0.000000,0.000000
0.000000,0.000000
0.000000,0.000000
0.000000,0.000000
0.000000,0.000000
0.000000,0.000000
0.000000,0.000000
0.000000,0.000000
0.000000,0.000000
0.000000,0.000000
0.000000,0.000000
0.000000,0.000000
0.000000,0.000000
0.000000,0.000000
0.000000,0.000000
0.000000,0.000000
0.000000,0.000000
0.000000,0.000000
0.000000,0.000000
0.000000,0.000000
0.000000,0.000000
0.000000,0.000000
0.000000,0.000000
0.000000,0.000000
0.000000,0.000000
0.000000,0.000000
0.000000,0.000000
0.000000,0.000000
0.000000,0.000000
0.000000,0.000000
0.000000,0.000000
0.000000,0.000000
0.000000,0.000000
0.000000,0.000000
0.000000,0.000000
0.000000,0.000000
0.000000,0.000000
0.000000,0.000000
0.000000,0.000000
0.000000,0.000000
0.000000,0.000000
0.000000,0.000000
0.000000,0.000000
0.000000,0.000000
0.000000,0.000000
0.000000,0.000000
0.000000,0.000000
0.000000,0.000000
0.000000,0.000000
0.000000,0.000000
0.000000,0.000000
0.000000,0.000000
0.000000,0.000000
0.000000,0.000000
0.000000,0.000000
0.000000,0.000000
0.000000,0.000000
0.000000,0.000000
0.000000,0.000000
0.000000,0.000000
0.000000,0.000000
0.000000,0.000000
0.000000,0.000000
0.000000,0.000000
0.000000,0.000000
0.000000,0.000000
0.000000,0.000000
0.000000,0.000000
0.000000,0.000000
0.000000,0.000000
0.000000,0.000000
0.000000,0.000000
0.000000,0.000000
0.000000,0.000000
0.000000,0.000000
0.000000,0.000000
0.000000,0.000000
0.000000,0.000000
0.000000,0.000000
0.000000,0.000000
0.000000,0.000000
0.000000,0.000000
0.000000,0.000000
0.000000,0.000000
0.000000,0.000000
0.000000,0.000000
0.000000,0.000000
0.000000,0.000000
0.000000,0.000000
0.000000,0.000000
0.000000,0.000000
0.000000,0.000000
0.000000,0.000000
0.000000,0.000000
0.000000,0.000000
0.000000,0.000000
0.000000,0.000000
0.000000,0.000000
0.000000,0.000000
0.000000,0.000000
0.000000,0.000000
0.000000,0.000000
0.000000,0.000000
0.000000,0.000000
0.000000,0.000000
0.000000,0.000000
0.000000,0.000000
0.000000,0.000000
0.000000,0.000000
0.000000,0.000000
0.000000,0.000000
0.000000,0.000000
0.000000,0.000000
0.000000,0.000000
0.000000,0.000000
0.000000,0.000000
0.000000,0.000000
0.000000,0.000000
0.000000,0.000000
0.000000,0.000000
0.000000,0.000000
0.000000,0.000000
0.000000,0.000000
0.000000,0.000000
0.000000,0.000000
0.000000,0.000000
0.000000,0.000000
0.000000,0.000000
0.000000,0.000000
0.000000,0.000000
0.000000,0.000000
0.000000,0.000000
0.000000,0.000000
0.000000,0.000000
0.000000,0.000000
0.000000,0.000000
0.000000,0.000000
0.000000,0.000000
0.000000,0.000000
0.000000,0.000000
0.000000,0.000000
0.000000,0.000000
0.000000,0.000000
0.000000,0.000000
0.000000,0.000000
0.000000,0.000000
0.000000,0.000000
0.000000,0.000000
0.000000,0.000000
0.000000,0.000000
0.000000,0.000000
0.000000,0.000000
0.000000,0.000000
0.000000,0.000000
0.000000,0.000000
0.000000,0.000000
0.000000,0.000000
0.000000,0.000000
0.000000,0.000000
0.000000,0.000000
0.000000,0.000000
0.000000,0.000000
0.000000,0.000000
0.000000,0.000000
0.000000,0.000000
0.000000,0.000000
0.000000,0.000000
0.000000,0.000000
0.000000,0.000000
0.000000,0.000000
0.000000,0.000000
0.000000,0.000000
0.000000,0.000000
0.000000,0.000000
0.000000,0.000000
0.000000,0.000000
0.000000,0.000000
0.000000,0.000000
0.000000,0.000000
0.000000,0.000000
0.000000,0.000000
0.000000,0.000000
0.000000,0.000000
0.000000,0.000000
0.000000,0.000000
0.000000,0.000000
0.000000,0.000000
0.000000,0.000000
0.000000,0.000000
0.000000,0.000000
0.000000,0.000000
0.000000,0.000000
0.000000,0.000000
0.000000,0.000000
0.000000,0.000000
0.000000,0.000000
0.000000,0.000000
0.000000,0.000000
0.000000,0.000000
0.000000,0.000000
0.000000,0.000000
0.000000,0.000000
0.000000,0.000000
0.000000,0.000000
0.000000,0.000000
0.000000,0.000000
0.000000,0.000000
0.000000,0.000000
0.000000,0.000000
0.000000,0.000000
0.000000,0.000000
0.000000,0.000000
0.000000,0.000000
0.000000,0.000000
0.000000,0.000000
0.000000,0.000000
0.000000,0.000000
0.000000,0.000000
0.000000,0.000000
0.000000,0.000000
0.000000,0.000000
0.000000,0.000000
0.000000,0.000000
0.000000,0.000000
0.000000,0.000000
0.000000,0.000000
0.000000,0.000000
0.000000,0.000000
0.000000,0.000000
0.000000,0.000000
0.000000,0.000000
0.000000,0.000000
0.000000,0.000000
0.000000,0.000000
0.000000,0.000000
0.000000,0.000000
0.000000,0.000000
0.000000,0.000000
0.000000,0.000000
0.000000,0.000000
0.000000,0.000000
0.000000,0.000000
0.000000,0.000000
0.000000,0.000000
0.000000,0.000000
0.000000,0.000000
0.000000,0.000000
0.000000,0.000000
0.000000,0.000000
0.000000,0.000000
0.000000,0.000000
0.000000,0.000000
0.000000,0.000000
0.000000,0.000000
0.000000,0.000000
0.000000,0.000000
0.000000,0.000000
0.000000,0.000000
0.000000,0.000000
0.000000,0.000000
0.000000,0.000000
0.000000,0.000000
0.000000,0.000000
0.000000,0.000000
0.000000,0.000000
0.000000,0.000000
0.000000,0.000000
0.000000,0.000000
0.000000,0.000000
0.000000,0.000000
0.000000,0.000000
0.000000,0.000000
0.000000,0.000000
0.000000,0.000000
0.000000,0.000000
0.000000,0.000000
0.000000,0.000000
0.000000,0.000000
0.000000,0.000000
0.000000,0.000000
0.000000,0.000000
0.000000,0.000000
0.000000,0.000000
0.000000,0.000000
0.000000,0.000000
0.000000,0.000000
0.000000,0.000000
0.000000,0.000000
0.000000,0.000000
0.000000,0.000000
0.000000,0.000000
0.000000,0.000000
0.000000,0.000000
0.000000,0.000000
0.000000,0.000000
0.000000,0.000000
0.000000,0.000000
0.000000,0.000000
0.000000,0.000000
0.000000,0.000000
0.000000,0.000000
0.000000,0.000000
0.000000,0.000000
0.000000,0.000000
0.000000,0.000000
0.000000,0.000000
0.000000,0.000000
0.000000,0.000000
0.000000,0.000000
0.000000,0.000000
0.000000,0.000000
0.000000,0.000000
0.000000,0.000000
0.000000,0.000000
0.000000,0.000000
0.000000,0.000000
0.000000,0.000000
0.000000,0.000000
0.000000,0.000000
0.000000,0.000000
0.000000,0.000000
0.000000,0.000000
0.000000,0.000000
0.000000,0.000000
0.000000,0.000000
0.000000,0.000000
0.000000,0.000000
0.000000,0.000000
0.000000,0.000000
0.000000,0.000000
0.000000,0.000000
0.000000,0.000000
0.000000,0.000000
0.000000,0.000000
0.000000,0.000000
0.000000,0.000000
0.000000,0.000000
0.000000,0.000000
0.000000,0.000000
0.000000,0.000000
0.000000,0.000000
0.000000,0.000000
0.000000,0.000000
0.000000,0.000000
0.000000,0.000000
0.000000,0.000000
0.000000,0.000000
0.000000,0.000000
0.000000,0.000000
0.000000,0.000000
0.000000,0.000000
0.000000,0.000000
0.000000,0.000000
0.000000,0.000000
0.000000,0.000000
0.000000,0.000000
0.000000,0.000000
0.000000,0.000000
0.000000,0.000000
0.000000,0.000000
0.000000,0.000000
0.000000,0.000000
0.000000,0.000000
0.000000,0.000000
0.000000,0.000000
0.000000,0.000000
0.000000,0.000000
0.000000,0.000000
0.000000,0.000000
0.000000,0.000000
0.000000,0.000000
0.000000,0.000000
0.000000,0.000000
0.000000,0.000000
0.000000,0.000000
0.000000,0.000000
0.000000,0.000000
0.000000,0.000000
0.000000,0.000000
0.000000,0.000000
0.000000,0.000000
0.000000,0.000000
0.000000,0.000000
0.000000,0.000000
0.000000,0.000000
0.000000,0.000000
0.000000,0.000000
0.000000,0.000000
0.000000,0.000000
0.000000,0.000000
0.000000,0.000000
0.000000,0.000000
0.000000,0.000000
0.000000,0.000000
0.000000,0.000000
0.000000,0.000000
0.000000,0.000000
0.000000,0.000000
0.000000,0.000000
0.000000,0.000000
0.000000,0.000000
0.000000,0.000000
0.000000,0.000000
0.000000,0.000000
0.000000,0.000000
0.000000,0.000000
0.000000,0.000000
0.000000,0.000000
0.000000,0.000000
0.000000,0.000000
0.000000,0.000000
0.000000,0.000000
0.000000,0.000000
0.000000,0.000000
0.000000,0.000000
0.000000,0.000000
0.000000,0.000000
0.000000,0.000000
0.000000,0.000000
0.000000,0.000000
0.000000,0.000000
0.000000,0.000000
0.000000,0.000000
0.000000,0.000000
0.000000,0.000000
0.000000,0.000000
0.000000,0.000000
0.000000,0.000000
0.000000,0.000000
0.000000,0.000000
0.000000,0.000000
0.000000,0.000000
0.000000,0.000000
0.000000,0.000000
0.000000,0.000000
0.000000,0.000000
0.000000,0.000000
0.000000,0.000000
0.000000,0.000000
0.000000,0.000000
0.000000,0.000000
0.000000,0.000000
0.000000,0.000000
0.000000,0.000000
0.000000,0.000000
0.000000,0.000000
0.000000,0.000000
0.000000,0.000000
0.000000,0.000000
0.000000,0.000000
0.000000,0.000000
0.000000,0.000000
0.000000,0.000000
0.000000,0.000000
0.000000,0.000000
0.000000,0.000000
0.000000,0.000000
0.000000,0.000000
0.000000,0.000000
0.000000,0.000000
0.000000,0.000000
0.000000,0.000000
0.000000,0.000000
0.000000,0.000000
0.000000,0.000000
0.000000,0.000000
0.000000,0.000000
0.000000,0.000000
0.000000,0.000000
0.000000,0.000000
0.000000,0.000000
0.000000,0.000000
0.000000,0.000000
0.000000,0.000000
0.000000,0.000000
0.000000,0.000000
0.000000,0.000000
0.000000,0.000000
0.000000,0.000000
0.000000,0.000000
0.000000,0.000000
0.000000,0.000000
0.000000,0.000000
0.000000,0.000000
0.000000,0.000000
0.000000,0.000000
0.000000,0.000000
0.000000,0.000000
0.000000,0.000000
0.000000,0.000000
0.000000,0.000000
0.000000,0.000000
0.000000,0.000000
0.000000,0.000000
0.000000,0.000000
0.000000,0.000000
0.000000,0.000000
0.000000,0.000000
0.000000,0.000000
0.000000,0.000000
0.000000,0.000000
0.000000,0.000000
0.000000,0.000000
0.000000,0.000000
0.000000,0.000000
0.000000,0.000000
0.000000,0.000000
0.000000,0.000000
0.000000,0.000000
0.000000,0.000000
0.000000,0.000000
0.000000,0.000000
0.000000,0.000000
0.000000,0.000000
0.000000,0.000000
0.000000,0.000000
0.000000,0.000000
0.000000,0.000000
0.000000,0.000000
0.000000,0.000000
0.000000,0.000000
0.000000,0.000000
0.000000,0.000000
0.000000,0.000000
0.000000,0.000000
0.000000,0.000000
0.000000,0.000000
0.000000,0.000000
0.000000,0.000000
0.000000,0.000000
0.000000,0.000000
0.000000,0.000000
0.000000,0.000000
0.000000,0.000000
0.000000,0.000000
0.000000,0.000000
0.000000,0.000000
0.000000,0.000000
0.000000,0.000000
0.000000,0.000000
0.000000,0.000000
0.000000,0.000000
0.000000,0.000000
0.000000,0.000000
0.000000,0.000000
0.000000,0.000000
0.000000,0.000000
0.000000,0.000000
0.000000,0.000000
0.000000,0.000000
0.000000,0.000000
0.000000,0.000000
0.000000,0.000000
0.000000,0.000000
0.000000,0.000000
0.000000,0.000000
0.000000,0.000000
0.000000,0.000000
0.000000,0.000000
0.000000,0.000000
0.000000,0.000000
0.000000,0.000000
0.000000,0.000000
0.000000,0.000000
0.000000,0.000000
0.000000,0.000000
0.000000,0.000000
0.000000,0.000000
0.000000,0.000000
0.000000,0.000000
0.000000,0.000000
0.000000,0.000000
0.000000,0.000000
0.000000,0.000000
0.000000,0.000000
0.000000,0.000000
0.000000,0.000000
0.000000,0.000000
0.000000,0.000000
0.000000,0.000000
0.000000,0.000000
0.000000,0.000000
0.000000,0.000000
0.000000,0.000000
0.000000,0.000000
0.000000,0.000000
0.000000,0.000000
0.000000,0.000000
0.000000,0.000000
0.000000,0.000000
0.000000,0.000000
0.000000,0.000000
0.000000,0.000000
0.000000,0.000000
0.000000,0.000000
0.000000,0.000000
0.000000,0.000000
0.000000,0.000000
0.000000,0.000000
0.000000,0.000000
0.000000,0.000000
0.000000,0.000000
0.000000,0.000000
0.000000,0.000000
0.000000,0.000000
0.000000,0.000000
0.000000,0.000000
0.000000,0.000000
0.000000,0.000000
0.000000,0.000000
0.000000,0.000000
0.000000,0.000000
0.000000,0.000000
0.000000,0.000000
0.000000,0.000000
0.000000,0.000000
0.000000,0.000000
0.000000,0.000000
0.000000,0.000000
0.000000,0.000000
0.000000,0.000000
0.000000,0.000000
0.000000,0.000000
0.000000,0.000000
0.000000,0.000000
0.000000,0.000000
0.000000,0.000000
0.000000,0.000000
0.000000,0.000000
0.000000,0.000000
0.000000,0.000000
0.000000,0.000000
0.000000,0.000000
0.000000,0.000000
0.000000,0.000000
0.000000,0.000000
0.000000,0.000000
0.000000,0.000000
0.000000,0.000000
0.000000,0.000000
0.000000,0.000000
0.000000,0.000000
0.000000,0.000000
0.000000,0.000000
0.000000,0.000000
0.000000,0.000000
0.000000,0.000000
0.000000,0.000000
0.000000,0.000000
0.000000,0.000000
0.000000,0.000000
0.000000,0.000000
0.000000,0.000000
0.000000,0.000000
0.000000,0.000000
0.000000,0.000000
0.000000,0.000000
0.000000,0.000000
0.000000,0.000000
0.000000,0.000000
0.000000,0.000000
0.000000,0.000000
0.000000,0.000000
0.000000,0.000000
0.000000,0.000000
0.000000,0.000000
0.000000,0.000000
0.000000,0.000000
0.000000,0.000000
0.000000,0.000000
0.000000,0.000000
0.000000,0.000000
0.000000,0.000000
0.000000,0.000000
0.000000,0.000000
0.000000,0.000000
0.000000,0.000000
0.000000,0.000000
0.000000,0.000000
0.000000,0.000000
0.000000,0.000000
0.000000,0.000000
0.000000,0.000000
0.000000,0.000000
0.000000,0.000000
0.000000,0.000000
0.000000,0.000000
0.000000,0.000000
0.000000,0.000000
0.000000,0.000000
0.000000,0.000000
0.000000,0.000000
0.000000,0.000000
0.000000,0.000000
0.000000,0.000000
0.000000,0.000000
0.000000,0.000000
0.000000,0.000000
0.000000,0.000000
0.000000,0.000000
0.000000,0.000000
0.000000,0.000000
0.000000,0.000000
0.000000,0.000000
0.000000,0.000000
0.000000,0.000000
0.000000,0.000000
0.000000,0.000000
0.000000,0.000000
0.000000,0.000000
0.000000,0.000000
0.000000,0.000000
0.000000,0.000000
0.000000,0.000000
0.000000,0.000000
0.000000,0.000000
0.000000,0.000000
0.000000,0.000000
0.000000,0.000000
0.000000,0.000000
0.000000,0.000000
0.000000,0.000000
0.000000,0.000000
0.000000,0.000000
0.000000,0.000000
0.000000,0.000000
0.000000,0.000000
0.000000,0.000000
0.000000,0.000000
0.000000,0.000000
0.000000,0.000000
0.000000,0.000000
0.000000,0.000000
0.000000,0.000000
0.000000,0.000000
0.000000,0.000000
0.000000,0.000000
0.000000,0.000000
0.000000,0.000000
0.000000,0.000000
0.000000,0.000000
0.000000,0.000000
0.000000,0.000000
0.000000,0.000000
0.000000,0.000000
0.000000,0.000000
0.000000,0.000000
0.000000,0.000000
0.000000,0.000000
0.000000,0.000000
0.000000,0.000000
0.000000,0.000000
0.000000,0.000000
0.000000,0.000000
0.000000,0.000000
0.000000,0.000000
0.000000,0.000000
0.000000,0.000000
0.000000,0.000000
0.000000,0.000000
0.000000,0.000000
0.000000,0.000000
0.000000,0.000000
0.000000,0.000000
0.000000,0.000000
0.000000,0.000000
0.000000,0.000000
0.000000,0.000000
0.000000,0.000000
0.000000,0.000000
0.000000,0.000000
0.000000,0.000000
0.000000,0.000000
0.000000,0.000000
0.000000,0.000000
0.000000,0.000000
0.000000,0.000000
0.000000,0.000000
0.000000,0.000000
0.000000,0.000000
0.000000,0.000000
0.000000,0.000000
0.000000,0.000000
0.000000,0.000000
0.000000,0.000000
0.000000,0.000000
0.000000,0.000000
0.000000,0.000000
0.000000,0.000000
0.000000,0.000000
0.000000,0.000000
0.000000,0.000000
0.000000,0.000000
0.000000,0.000000
0.000000,0.000000
0.000000,0.000000
0.000000,0.000000
0.000000,0.000000
0.000000,0.000000
0.000000,0.000000
0.000000,0.000000
0.000000,0.000000
0.000000,0.000000
0.000000,0.000000
0.000000,0.000000
0.000000,0.000000
0.000000,0.000000
0.000000,0.000000
0.000000,0.000000
0.000000,0.000000
0.000000,0.000000
0.000000,0.000000
0.000000,0.000000
0.000000,0.000000
0.000000,0.000000
0.000000,0.000000
0.000000,0.000000
0.000000,0.000000
0.000000,0.000000
0.000000,0.000000
0.000000,0.000000
0.000000,0.000000
0.000000,0.000000
0.000000,0.000000
0.000000,0.000000
0.000000,0.000000
0.000000,0.000000
0.000000,0.000000
0.000000,0.000000
0.000000,0.000000
0.000000,0.000000
0.000000,0.000000
0.000000,0.000000
0.000000,0.000000
0.000000,0.000000
0.000000,0.000000
0.000000,0.000000
0.000000,0.000000
0.000000,0.000000
0.000000,0.000000
0.000000,0.000000
0.000000,0.000000
0.000000,0.000000
0.000000,0.000000
0.000000,0.000000
0.000000,0.000000
0.000000,0.000000
0.000000,0.000000
0.000000,0.000000
0.000000,0.000000
0.000000,0.000000
0.000000,0.000000
0.000000,0.000000
0.000000,0.000000
0.000000,0.000000
0.000000,0.000000
0.000000,0.000000
0.000000,0.000000
0.000000,0.000000
0.000000,0.000000
0.000000,0.000000
0.000000,0.000000
0.000000,0.000000
0.000000,0.000000
0.000000,0.000000
0.000000,0.000000
0.000000,0.000000
0.000000,0.000000
0.000000,0.000000
0.000000,0.000000
0.000000,0.000000
0.000000,0.000000
0.000000,0.000000
0.000000,0.000000
0.000000,0.000000
0.000000,0.000000
0.000000,0.000000
0.000000,0.000000
0.000000,0.000000
0.000000,0.000000
0.000000,0.000000
0.000000,0.000000
0.000000,0.000000
0.000000,0.000000
0.000000,0.000000
0.000000,0.000000
0.000000,0.000000
0.000000,0.000000
0.000000,0.000000
0.000000,0.000000
0.000000,0.000000
0.000000,0.000000
0.000000,0.000000
0.000000,0.000000
0.000000,0.000000
0.000000,0.000000
0.000000,0.000000
0.000000,0.000000
0.000000,0.000000
0.000000,0.000000
0.000000,0.000000
0.000000,0.000000
0.000000,0.000000
0.000000,0.000000
0.000000,0.000000
0.000000,0.000000
0.000000,0.000000
0.000000,0.000000
0.000000,0.000000
0.000000,0.000000
0.000000,0.000000
0.000000,0.000000
0.000000,0.000000
0.000000,0.000000
0.000000,0.000000
0.000000,0.000000
0.000000,0.000000
0.000000,0.000000
0.000000,0.000000
0.000000,0.000000
0.000000,0.000000
0.000000,0.000000
0.000000,0.000000
0.000000,0.000000
0.000000,0.000000
0.000000,0.000000
0.000000,0.000000
0.000000,0.000000
0.000000,0.000000
0.000000,0.000000
0.000000,0.000000
0.000000,0.000000
0.000000,0.000000
0.000000,0.000000
0.000000,0.000000
0.000000,0.000000
0.000000,0.000000
0.000000,0.000000
0.000000,0.000000
0.000000,0.000000
0.000000,0.000000
0.000000,0.000000
0.000000,0.000000
0.000000,0.000000
0.000000,0.000000
0.000000,0.000000
0.000000,0.000000
0.000000,0.000000
0.000000,0.000000
0.000000,0.000000
0.000000,0.000000
0.000000,0.000000
0.000000,0.000000
0.000000,0.000000
0.000000,0.000000
0.000000,0.000000
0.000000,0.000000
0.000000,0.000000
0.000000,0.000000
0.000000,0.000000
0.000000,0.000000
0.000000,0.000000
0.000000,0.000000
0.000000,0.000000
0.000000,0.000000
0.000000,0.000000
0.000000,0.000000
0.000000,0.000000
0.000000,0.000000
0.000000,0.000000
0.000000,0.000000
0.000000,0.000000
0.000000,0.000000
0.000000,0.000000
0.000000,0.000000
0.000000,0.000000
0.000000,0.000000
0.000000,0.000000
0.000000,0.000000
0.000000,0.000000
0.000000,0.000000
0.000000,0.000000
0.000000,0.000000
0.000000,0.000000
0.000000,0.000000
0.000000,0.000000
0.000000,0.000000
0.000000,0.000000
0.000000,0.000000
0.000000,0.000000
0.000000,0.000000
0.000000,0.000000
0.000000,0.000000
0.000000,0.000000
0.000000,0.000000
0.000000,0.000000
0.000000,0.000000
0.000000,0.000000
0.000000,0.000000
0.000000,0.000000
0.000000,0.000000
0.000000,0.000000
0.000000,0.000000
0.000000,0.000000
0.000000,0.000000
0.000000,0.000000
0.000000,0.000000
0.000000,0.000000
0.000000,0.000000
0.000000,0.000000
0.000000,0.000000
0.000000,0.000000
0.000000,0.000000
0.000000,0.000000
0.000000,0.000000
0.000000,0.000000
0.000000,0.000000
0.000000,0.000000
0.000000,0.000000
0.000000,0.000000
0.000000,0.000000
0.000000,0.000000
0.000000,0.000000
0.000000,0.000000
0.000000,0.000000
0.000000,0.000000
0.000000,0.000000
0.000000,0.000000
0.000000,0.000000
0.000000,0.000000
0.000000,0.000000
0.000000,0.000000
0.000000,0.000000
0.000000,0.000000
0.000000,0.000000
0.000000,0.000000
0.000000,0.000000
0.000000,0.000000
0.000000,0.000000
0.000000,0.000000
0.000000,0.000000
0.000000,0.000000
0.000000,0.000000
0.000000,0.000000
0.000000,0.000000
0.000000,0.000000
0.000000,0.000000
0.000000,0.000000
0.000000,0.000000
0.000000,0.000000
0.000000,0.000000
0.000000,0.000000
0.000000,0.000000
0.000000,0.000000
0.000000,0.000000
0.000000,0.000000
0.000000,0.000000
0.000000,0.000000
0.000000,0.000000
0.000000,0.000000
0.000000,0.000000
0.000000,0.000000
0.000000,0.000000
0.000000,0.000000
0.000000,0.000000
0.000000,0.000000
0.000000,0.000000
0.000000,0.000000
0.000000,0.000000
0.000000,0.000000
0.000000,0.000000
0.000000,0.000000
0.000000,0.000000
0.000000,0.000000
0.000000,0.000000
0.000000,0.000000
0.000000,0.000000
0.000000,0.000000
0.000000,0.000000
0.000000,0.000000
0.000000,0.000000
0.000000,0.000000
0.000000,0.000000
0.000000,0.000000
0.000000,0.000000
0.000000,0.000000
0.000000,0.000000
0.000000,0.000000
0.000000,0.000000
0.000000,0.000000
0.000000,0.000000
0.000000,0.000000
0.000000,0.000000
0.000000,0.000000
0.000000,0.000000
0.000000,0.000000
0.000000,0.000000
0.000000,0.000000
0.000000,0.000000
0.000000,0.000000
0.000000,0.000000
0.000000,0.000000
0.000000,0.000000
0.000000,0.000000
0.000000,0.000000
0.000000,0.000000
0.000000,0.000000
0.000000,0.000000
0.000000,0.000000
0.000000,0.000000
0.000000,0.000000
0.000000,0.000000
0.000000,0.000000
0.000000,0.000000
0.000000,0.000000
0.000000,0.000000
0.000000,0.000000
0.000000,0.000000
0.000000,0.000000
0.000000,0.000000
0.000000,0.000000
0.000000,0.000000
0.000000,0.000000
0.000000,0.000000
0.000000,0.000000
0.000000,0.000000
0.000000,0.000000
0.000000,0.000000
0.000000,0.000000
0.000000,0.000000
0.000000,0.000000
0.000000,0.000000
0.000000,0.000000
0.000000,0.000000
0.000000,0.000000
0.000000,0.000000
0.000000,0.000000
0.000000,0.000000
0.000000,0.000000
0.000000,0.000000
0.000000,0.000000
0.000000,0.000000
0.000000,0.000000
0.000000,0.000000
0.000000,0.000000
0.000000,0.000000
0.000000,0.000000
0.000000,0.000000
0.000000,0.000000
0.000000,0.000000
0.000000,0.000000
0.000000,0.000000
0.000000,0.000000
0.000000,0.000000
0.000000,0.000000
0.000000,0.000000
0.000000,0.000000
0.000000,0.000000
0.000000,0.000000
0.000000,0.000000
0.000000,0.000000
0.000000,0.000000
0.000000,0.000000
0.000000,0.000000
0.000000,0.000000
0.000000,0.000000
0.000000,0.000000
0.000000,0.000000
0.000000,0.000000
0.000000,0.000000
0.000000,0.000000
0.000000,0.000000
0.000000,0.000000
0.000000,0.000000
0.000000,0.000000
0.000000,0.000000
0.000000,0.000000
0.000000,0.000000
0.000000,0.000000
0.000000,0.000000
0.000000,0.000000
0.000000,0.000000
0.000000,0.000000
0.000000,0.000000
0.000000,0.000000
0.000000,0.000000
0.000000,0.000000
0.000000,0.000000
0.000000,0.000000
0.000000,0.000000
0.000000,0.000000
0.000000,0.000000
0.000000,0.000000
0.000000,0.000000
0.000000,0.000000
0.000000,0.000000
0.000000,0.000000
0.000000,0.000000
0.000000,0.000000
0.000000,0.000000
0.000000,0.000000
0.000000,0.000000
0.000000,0.000000
0.000000,0.000000
0.000000,0.000000
0.000000,0.000000
0.000000,0.000000
0.000000,0.000000
0.000000,0.000000
0.000000,0.000000
0.000000,0.000000
0.000000,0.000000
0.000000,0.000000
0.000000,0.000000
0.000000,0.000000
0.000000,0.000000
0.000000,0.000000
0.000000,0.000000
0.000000,0.000000
0.000000,0.000000
0.000000,0.000000
0.000000,0.000000
0.000000,0.000000
0.000000,0.000000
0.000000,0.000000
0.000000,0.000000
0.000000,0.000000
0.000000,0.000000
0.000000,0.000000
0.000000,0.000000
0.000000,0.000000
0.000000,0.000000
0.000000,0.000000
0.000000,0.000000
0.000000,0.000000
0.000000,0.000000
0.000000,0.000000
0.000000,0.000000
0.000000,0.000000
0.000000,0.000000
0.000000,0.000000
0.000000,0.000000
0.000000,0.000000
0.000000,0.000000
0.000000,0.000000
0.000000,0.000000
0.000000,0.000000
0.000000,0.000000
0.000000,0.000000
0.000000,0.000000
0.000000,0.000000
0.000000,0.000000
0.000000,0.000000
0.000000,0.000000
0.000000,0.000000
0.000000,0.000000
0.000000,0.000000
0.000000,0.000000
0.000000,0.000000
0.000000,0.000000
0.000000,0.000000
0.000000,0.000000
0.000000,0.000000
0.000000,0.000000
0.000000,0.000000
0.000000,0.000000
0.000000,0.000000
0.000000,0.000000
0.000000,0.000000
0.000000,0.000000
0.000000,0.000000
0.000000,0.000000
0.000000,0.000000
0.000000,0.000000
0.000000,0.000000
0.000000,0.000000
0.000000,0.000000
0.000000,0.000000
0.000000,0.000000
0.000000,0.000000
0.000000,0.000000
0.000000,0.000000
0.000000,0.000000
0.000000,0.000000
0.000000,0.000000
0.000000,0.000000
0.000000,0.000000
0.000000,0.000000
0.000000,0.000000
0.000000,0.000000
0.000000,0.000000
0.000000,0.000000
0.000000,0.000000
0.000000,0.000000
0.000000,0.000000
0.000000,0.000000
0.000000,0.000000
0.000000,0.000000
0.000000,0.000000
0.000000,0.000000
0.000000,0.000000
0.000000,0.000000
0.000000,0.000000
0.000000,0.000000
0.000000,0.000000
0.000000,0.000000
0.000000,0.000000
0.000000,0.000000
0.000000,0.000000
0.000000,0.000000
0.000000,0.000000
0.000000,0.000000
0.000000,0.000000
0.000000,0.000000
0.000000,0.000000
0.000000,0.000000
0.000000,0.000000
0.000000,0.000000
0.000000,0.000000
0.000000,0.000000
0.000000,0.000000
0.000000,0.000000
0.000000,0.000000
0.000000,0.000000
0.000000,0.000000
0.000000,0.000000
0.000000,0.000000
0.000000,0.000000
0.000000,0.000000
0.000000,0.000000
0.000000,0.000000
0.000000,0.000000
0.000000,0.000000
0.000000,0.000000
0.000000,0.000000
0.000000,0.000000
0.000000,0.000000
0.000000,0.000000
0.000000,0.000000
0.000000,0.000000
0.000000,0.000000
0.000000,0.000000
0.000000,0.000000
0.000000,0.000000
0.000000,0.000000
0.000000,0.000000
0.000000,0.000000
0.000000,0.000000
0.000000,0.000000
0.000000,0.000000
0.000000,0.000000
0.000000,0.000000
0.000000,0.000000
0.000000,0.000000
0.000000,0.000000
0.000000,0.000000
0.000000,0.000000
0.000000,0.000000
0.000000,0.000000
0.000000,0.000000
0.000000,0.000000
0.000000,0.000000
0.000000,0.000000
0.000000,0.000000
0.000000,0.000000
0.000000,0.000000
0.000000,0.000000
0.000000,0.000000
0.000000,0.000000
0.000000,0.000000
0.000000,0.000000
0.000000,0.000000
0.000000,0.000000
0.000000,0.000000
0.000000,0.000000
0.000000,0.000000
0.000000,0.000000
0.000000,0.000000
0.000000,0.000000
0.000000,0.000000
0.000000,0.000000
0.000000,0.000000
0.000000,0.000000
0.000000,0.000000
0.000000,0.000000
0.000000,0.000000
0.000000,0.000000
0.000000,0.000000
0.000000,0.000000
0.000000,0.000000
0.000000,0.000000
0.000000,0.000000
0.000000,0.000000
0.000000,0.000000
0.000000,0.000000
0.000000,0.000000
0.000000,0.000000
0.000000,0.000000
0.000000,0.000000
0.000000,0.000000
0.000000,0.000000
0.000000,0.000000
0.000000,0.000000
0.000000,0.000000
0.000000,0.000000
0.000000,0.000000
0.000000,0.000000
0.000000,0.000000
0.000000,0.000000
0.000000,0.000000
0.000000,0.000000
0.000000,0.000000
0.000000,0.000000
0.000000,0.000000
0.000000,0.000000
0.000000,0.000000
0.000000,0.000000
0.000000,0.000000
0.000000,0.000000
0.000000,0.000000
0.000000,0.000000
0.000000,0.000000
0.000000,0.000000
0.000000,0.000000
0.000000,0.000000
0.000000,0.000000
0.000000,0.000000
0.000000,0.000000
0.000000,0.000000
0.000000,0.000000
0.000000,0.000000
0.000000,0.000000
0.000000,0.000000
0.000000,0.000000
0.000000,0.000000
0.000000,0.000000
0.000000,0.000000
0.000000,0.000000
0.000000,0.000000
0.000000,0.000000
0.000000,0.000000
0.000000,0.000000
0.000000,0.000000
0.000000,0.000000
0.000000,0.000000
0.000000,0.000000
0.000000,0.000000
0.000000,0.000000
0.000000,0.000000
0.000000,0.000000
0.000000,0.000000
0.000000,0.000000
0.000000,0.000000
0.000000,0.000000
0.000000,0.000000
0.000000,0.000000
0.000000,0.000000
0.000000,0.000000
0.000000,0.000000
0.000000,0.000000
0.000000,0.000000
0.000000,0.000000
0.000000,0.000000
0.000000,0.000000
0.000000,0.000000
0.000000,0.000000
0.000000,0.000000
0.000000,0.000000
0.000000,0.000000
0.000000,0.000000
0.000000,0.000000
0.000000,0.000000
0.000000,0.000000
0.000000,0.000000
0.000000,0.000000
0.000000,0.000000
0.000000,0.000000
0.000000,0.000000
0.000000,0.000000
0.000000,0.000000
0.000000,0.000000
0.000000,0.000000
0.000000,0.000000
0.000000,0.000000
0.000000,0.000000
0.000000,0.000000
0.000000,0.000000
0.000000,0.000000
0.000000,0.000000
0.000000,0.000000
0.000000,0.000000
0.000000,0.000000
0.000000,0.000000
0.000000,0.000000
0.000000,0.000000
0.000000,0.000000
0.000000,0.000000
0.000000,0.000000
0.000000,0.000000
0.000000,0.000000
0.000000,0.000000
0.000000,0.000000
0.000000,0.000000
0.000000,0.000000
0.000000,0.000000
0.000000,0.000000
0.000000,0.000000
0.000000,0.000000
0.000000,0.000000
0.000000,0.000000
0.000000,0.000000
0.000000,0.000000
0.000000,0.000000
0.000000,0.000000
0.000000,0.000000
0.000000,0.000000
0.000000,0.000000
0.000000,0.000000
0.000000,0.000000
0.000000,0.000000
0.000000,0.000000
0.000000,0.000000
0.000000,0.000000
0.000000,0.000000
0.000000,0.000000
0.000000,0.000000
0.000000,0.000000
0.000000,0.000000
0.000000,0.000000
0.000000,0.000000
0.000000,0.000000
0.000000,0.000000
0.000000,0.000000
0.000000,0.000000
0.000000,0.000000
0.000000,0.000000
0.000000,0.000000
0.000000,0.000000
0.000000,0.000000
0.000000,0.000000
0.000000,0.000000
0.000000,0.000000
0.000000,0.000000
0.000000,0.000000
0.000000,0.000000
0.000000,0.000000
0.000000,0.000000
0.000000,0.000000
0.000000,0.000000
0.000000,0.000000
0.000000,0.000000
0.000000,0.000000
0.000000,0.000000
0.000000,0.000000
0.000000,0.000000
0.000000,0.000000
0.000000,0.000000
0.000000,0.000000
0.000000,0.000000
0.000000,0.000000
0.000000,0.000000
0.000000,0.000000
0.000000,0.000000
0.000000,0.000000
0.000000,0.000000
0.000000,0.000000
0.000000,0.000000
0.000000,0.000000
0.000000,0.000000
0.000000,0.000000
0.000000,0.000000
0.000000,0.000000
0.000000,0.000000
0.000000,0.000000
0.000000,0.000000
0.000000,0.000000
0.000000,0.000000
0.000000,0.000000
0.000000,0.000000
0.000000,0.000000
0.000000,0.000000
0.000000,0.000000
0.000000,0.000000
0.000000,0.000000
0.000000,0.000000
0.000000,0.000000
0.000000,0.000000
0.000000,0.000000
0.000000,0.000000
0.000000,0.000000
0.000000,0.000000
0.000000,0.000000
0.000000,0.000000
0.000000,0.000000
0.000000,0.000000
0.000000,0.000000
0.000000,0.000000
0.000000,0.000000
0.000000,0.000000
0.000000,0.000000
0.000000,0.000000
0.000000,0.000000
0.000000,0.000000
0.000000,0.000000
0.000000,0.000000
0.000000,0.000000
0.000000,0.000000
0.000000,0.000000
0.000000,0.000000
0.000000,0.000000
0.000000,0.000000
0.000000,0.000000
0.000000,0.000000
0.000000,0.000000
0.000000,0.000000
0.000000,0.000000
0.000000,0.000000
0.000000,0.000000
0.000000,0.000000
0.000000,0.000000
0.000000,0.000000
0.000000,0.000000
0.000000,0.000000
0.000000,0.000000
0.000000,0.000000
0.000000,0.000000
0.000000,0.000000
0.000000,0.000000
0.000000,0.000000
0.000000,0.000000
0.000000,0.000000
0.000000,0.000000
0.000000,0.000000
0.000000,0.000000
0.000000,0.000000
0.000000,0.000000
0.000000,0.000000
0.000000,0.000000
0.000000,0.000000
0.000000,0.000000
0.000000,0.000000
0.000000,0.000000
0.000000,0.000000
0.000000,0.000000
0.000000,0.000000
0.000000,0.000000
0.000000,0.000000
0.000000,0.000000
0.000000,0.000000
0.000000,0.000000
0.000000,0.000000
0.000000,0.000000
0.000000,0.000000
0.000000,0.000000
0.000000,0.000000
0.000000,0.000000
0.000000,0.000000
0.000000,0.000000
0.000000,0.000000
0.000000,0.000000
0.000000,0.000000
0.000000,0.000000
0.000000,0.000000
0.000000,0.000000
0.000000,0.000000
0.000000,0.000000
0.000000,0.000000
0.000000,0.000000
0.000000,0.000000
0.000000,0.000000
0.000000,0.000000
0.000000,0.000000
0.000000,0.000000
0.000000,0.000000
0.000000,0.000000
0.000000,0.000000
0.000000,0.000000
0.000000,0.000000
0.000000,0.000000
0.000000,0.000000
0.000000,0.000000
0.000000,0.000000
0.000000,0.000000
0.000000,0.000000
0.000000,0.000000
0.000000,0.000000
0.000000,0.000000
0.000000,0.000000
0.000000,0.000000
0.000000,0.000000
0.000000,0.000000
0.000000,0.000000
0.000000,0.000000
0.000000,0.000000
0.000000,0.000000
0.000000,0.000000
0.000000,0.000000
0.000000,0.000000
0.000000,0.000000
0.000000,0.000000
0.000000,0.000000
0.000000,0.000000
0.000000,0.000000
0.000000,0.000000
0.000000,0.000000
0.000000,0.000000
0.000000,0.000000
0.000000,0.000000
0.000000,0.000000
0.000000,0.000000
0.000000,0.000000
0.000000,0.000000
0.000000,0.000000
0.000000,0.000000
0.000000,0.000000
0.000000,0.000000
0.000000,0.000000
0.000000,0.000000
0.000000,0.000000
0.000000,0.000000
0.000000,0.000000
0.000000,0.000000
0.000000,0.000000
0.000000,0.000000
0.000000,0.000000
0.000000,0.000000
0.000000,0.000000
0.000000,0.000000
0.000000,0.000000
0.000000,0.000000
0.000000,0.000000
0.000000,0.000000
0.000000,0.000000
0.000000,0.000000
0.000000,0.000000
0.000000,0.000000
0.000000,0.000000
0.000000,0.000000
0.000000,0.000000
0.000000,0.000000
0.000000,0.000000
0.000000,0.000000
0.000000,0.000000
0.000000,0.000000
0.000000,0.000000
0.000000,0.000000
0.000000,0.000000
0.000000,0.000000
0.000000,0.000000
0.000000,0.000000
0.000000,0.000000
0.000000,0.000000
0.000000,0.000000
0.000000,0.000000
0.000000,0.000000
0.000000,0.000000
0.000000,0.000000
0.000000,0.000000
0.000000,0.000000
0.000000,0.000000
0.000000,0.000000
0.000000,0.000000
0.000000,0.000000
0.000000,0.000000
0.000000,0.000000
0.000000,0.000000
0.000000,0.000000
0.000000,0.000000
0.000000,0.000000
0.000000,0.000000
0.000000,0.000000
0.000000,0.000000
0.000000,0.000000
0.000000,0.000000
0.000000,0.000000
0.000000,0.000000
0.000000,0.000000
0.000000,0.000000
0.000000,0.000000
0.000000,0.000000
0.000000,0.000000
0.000000,0.000000
0.000000,0.000000
0.000000,0.000000
0.000000,0.000000
0.000000,0.000000
0.000000,0.000000
0.000000,0.000000
0.000000,0.000000
0.000000,0.000000
0.000000,0.000000
0.000000,0.000000
0.000000,0.000000
0.000000,0.000000
0.000000,0.000000
0.000000,0.000000
0.000000,0.000000
0.000000,0.000000
0.000000,0.000000
0.000000,0.000000
0.000000,0.000000
0.000000,0.000000
0.000000,0.000000
0.000000,0.000000
0.000000,0.000000
0.000000,0.000000
0.000000,0.000000
0.000000,0.000000
0.000000,0.000000
0.000000,0.000000
0.000000,0.000000
0.000000,0.000000
0.000000,0.000000
0.000000,0.000000
0.000000,0.000000
0.000000,0.000000
0.000000,0.000000
0.000000,0.000000
0.000000,0.000000
0.000000,0.000000
0.000000,0.000000
0.000000,0.000000
0.000000,0.000000
0.000000,0.000000
0.000000,0.000000
0.000000,0.000000
0.000000,0.000000
0.000000,0.000000
0.000000,0.000000
0.000000,0.000000
0.000000,0.000000
0.000000,0.000000
0.000000,0.000000
0.000000,0.000000
0.000000,0.000000
0.000000,0.000000
0.000000,0.000000
0.000000,0.000000
0.000000,0.000000
0.000000,0.000000
0.000000,0.000000
0.000000,0.000000
0.000000,0.000000
0.000000,0.000000
0.000000,0.000000
0.000000,0.000000
0.000000,0.000000
0.000000,0.000000
0.000000,0.000000
0.000000,0.000000
0.000000,0.000000
0.000000,0.000000
0.000000,0.000000
0.000000,0.000000
0.000000,0.000000
0.000000,0.000000
0.000000,0.000000
0.000000,0.000000
0.000000,0.000000
0.000000,0.000000
0.000000,0.000000
0.000000,0.000000
0.000000,0.000000
0.000000,0.000000
0.000000,0.000000
0.000000,0.000000
0.000000,0.000000
0.000000,0.000000
0.000000,0.000000
0.000000,0.000000
0.000000,0.000000
0.000000,0.000000
0.000000,0.000000
0.000000,0.000000
0.000000,0.000000
0.000000,0.000000
0.000000,0.000000
0.000000,0.000000
0.000000,0.000000
0.000000,0.000000
0.000000,0.000000
0.000000,0.000000
0.000000,0.000000
0.000000,0.000000
0.000000,0.000000
0.000000,0.000000
0.000000,0.000000
0.000000,0.000000
0.000000,0.000000
0.000000,0.000000
0.000000,0.000000
0.000000,0.000000
0.000000,0.000000
0.000000,0.000000
0.000000,0.000000
0.000000,0.000000
0.000000,0.000000
0.000000,0.000000
0.000000,0.000000
0.000000,0.000000
0.000000,0.000000
0.000000,0.000000
0.000000,0.000000
0.000000,0.000000
0.000000,0.000000
0.000000,0.000000
0.000000,0.000000
0.000000,0.000000
0.000000,0.000000
0.000000,0.000000
0.000000,0.000000
0.000000,0.000000
0.000000,0.000000
0.000000,0.000000
0.000000,0.000000
0.000000,0.000000
0.000000,0.000000
0.000000,0.000000
0.000000,0.000000
0.000000,0.000000
0.000000,0.000000
0.000000,0.000000
0.000000,0.000000
0.000000,0.000000
0.000000,0.000000
0.000000,0.000000
0.000000,0.000000
0.000000,0.000000
0.000000,0.000000
0.000000,0.000000
0.000000,0.000000
0.000000,0.000000
0.000000,0.000000
0.000000,0.000000
0.000000,0.000000
0.000000,0.000000
0.000000,0.000000
0.000000,0.000000
0.000000,0.000000
0.000000,0.000000
0.000000,0.000000
0.000000,0.000000
0.000000,0.000000
0.000000,0.000000
0.000000,0.000000
0.000000,0.000000
0.000000,0.000000
0.000000,0.000000
0.000000,0.000000
0.000000,0.000000
0.000000,0.000000
0.000000,0.000000
0.000000,0.000000
0.000000,0.000000
0.000000,0.000000
0.000000,0.000000
0.000000,0.000000
0.000000,0.000000
0.000000,0.000000
0.000000,0.000000
0.000000,0.000000
0.000000,0.000000
0.000000,0.000000
0.000000,0.000000
0.000000,0.000000
0.000000,0.000000
0.000000,0.000000
0.000000,0.000000
0.000000,0.000000
0.000000,0.000000
0.000000,0.000000
0.000000,0.000000
0.000000,0.000000
0.000000,0.000000
0.000000,0.000000
0.000000,0.000000
0.000000,0.000000
0.000000,0.000000
0.000000,0.000000
0.000000,0.000000
0.000000,0.000000
0.000000,0.000000
0.000000,0.000000
0.000000,0.000000
0.000000,0.000000
0.000000,0.000000
0.000000,0.000000
0.000000,0.000000
0.000000,0.000000
0.000000,0.000000
0.000000,0.000000
0.000000,0.000000
0.000000,0.000000
0.000000,0.000000
0.000000,0.000000
0.000000,0.000000
0.000000,0.000000
0.000000,0.000000
0.000000,0.000000
0.000000,0.000000
0.000000,0.000000
0.000000,0.000000
0.000000,0.000000
0.000000,0.000000
0.000000,0.000000
0.000000,0.000000
0.000000,0.000000
0.000000,0.000000
0.000000,0.000000
0.000000,0.000000
0.000000,0.000000
0.000000,0.000000
0.000000,0.000000
0.000000,0.000000
0.000000,0.000000
0.000000,0.000000
0.000000,0.000000
0.000000,0.000000
0.000000,0.000000
0.000000,0.000000
0.000000,0.000000
0.000000,0.000000
0.000000,0.000000
0.000000,0.000000
0.000000,0.000000
0.000000,0.000000
0.000000,0.000000
0.000000,0.000000
0.000000,0.000000
0.000000,0.000000
0.000000,0.000000
0.000000,0.000000
0.000000,0.000000
0.000000,0.000000
0.000000,0.000000
0.000000,0.000000
0.000000,0.000000
0.000000,0.000000
0.000000,0.000000
0.000000,0.000000
0.000000,0.000000
0.000000,0.000000
0.000000,0.000000
0.000000,0.000000
0.000000,0.000000
0.000000,0.000000
0.000000,0.000000
0.000000,0.000000
0.000000,0.000000
0.000000,0.000000
0.000000,0.000000
0.000000,0.000000
0.000000,0.000000
0.000000,0.000000
0.000000,0.000000
0.000000,0.000000
0.000000,0.000000
0.000000,0.000000
0.000000,0.000000
0.000000,0.000000
0.000000,0.000000
0.000000,0.000000
0.000000,0.000000
0.000000,0.000000
0.000000,0.000000
0.000000,0.000000
0.000000,0.000000
0.000000,0.000000
0.000000,0.000000
0.000000,0.000000
0.000000,0.000000
0.000000,0.000000
0.000000,0.000000
0.000000,0.000000
0.000000,0.000000
0.000000,0.000000
0.000000,0.000000
0.000000,0.000000
0.000000,0.000000
0.000000,0.000000
0.000000,0.000000
0.000000,0.000000
0.000000,0.000000
0.000000,0.000000
0.000000,0.000000
0.000000,0.000000
0.000000,0.000000
0.000000,0.000000
0.000000,0.000000
0.000000,0.000000
0.000000,0.000000
0.000000,0.000000
0.000000,0.000000
0.000000,0.000000
0.000000,0.000000
0.000000,0.000000
0.000000,0.000000
0.000000,0.000000
0.000000,0.000000
0.000000,0.000000
0.000000,0.000000
0.000000,0.000000
0.000000,0.000000
0.000000,0.000000
0.000000,0.000000
0.000000,0.000000
0.000000,0.000000
0.000000,0.000000
0.000000,0.000000
0.000000,0.000000
0.000000,0.000000
0.000000,0.000000
0.000000,0.000000
0.000000,0.000000
0.000000,0.000000
0.000000,0.000000
0.000000,0.000000
0.000000,0.000000
0.000000,0.000000
0.000000,0.000000
0.000000,0.000000
0.000000,0.000000
0.000000,0.000000
0.000000,0.000000
0.000000,0.000000
0.000000,0.000000
0.000000,0.000000
0.000000,0.000000
0.000000,0.000000
0.000000,0.000000
0.000000,0.000000
0.000000,0.000000
0.000000,0.000000
0.000000,0.000000
0.000000,0.000000
0.000000,0.000000
0.000000,0.000000
0.000000,0.000000
0.000000,0.000000
0.000000,0.000000
0.000000,0.000000
0.000000,0.000000
0.000000,0.000000
0.000000,0.000000
0.000000,0.000000
0.000000,0.000000
0.000000,0.000000
0.000000,0.000000
0.000000,0.000000
0.000000,0.000000
0.000000,0.000000
0.000000,0.000000
0.000000,0.000000
0.000000,0.000000
0.000000,0.000000
0.000000,0.000000
0.000000,0.000000
0.000000,0.000000
0.000000,0.000000
0.000000,0.000000
0.000000,0.000000
0.000000,0.000000
0.000000,0.000000
0.000000,0.000000
0.000000,0.000000
0.000000,0.000000
0.000000,0.000000
0.000000,0.000000
0.000000,0.000000
0.000000,0.000000
0.000000,0.000000
0.000000,0.000000
0.000000,0.000000
0.000000,0.000000
0.000000,0.000000
0.000000,0.000000
0.000000,0.000000
0.000000,0.000000
0.000000,0.000000
0.000000,0.000000
0.000000,0.000000
0.000000,0.000000
0.000000,0.000000
0.000000,0.000000
0.000000,0.000000
0.000000,0.000000
0.000000,0.000000
0.000000,0.000000
0.000000,0.000000
0.000000,0.000000
0.000000,0.000000
0.000000,0.000000
0.000000,0.000000
0.000000,0.000000
0.000000,0.000000
0.000000,0.000000
0.000000,0.000000
0.000000,0.000000
0.000000,0.000000
0.000000,0.000000
0.000000,0.000000
0.000000,0.000000
0.000000,0.000000
0.000000,0.000000
0.000000,0.000000
0.000000,0.000000
0.000000,0.000000
0.000000,0.000000
0.000000,0.000000
0.000000,0.000000
0.000000,0.000000
0.000000,0.000000
0.000000,0.000000
0.000000,0.000000
0.000000,0.000000
0.000000,0.000000
0.000000,0.000000
0.000000,0.000000
0.000000,0.000000
0.000000,0.000000
0.000000,0.000000
0.000000,0.000000
0.000000,0.000000
0.000000,0.000000
0.000000,0.000000
0.000000,0.000000
0.000000,0.000000
0.000000,0.000000
0.000000,0.000000
0.000000,0.000000
0.000000,0.000000
0.000000,0.000000
0.000000,0.000000
0.000000,0.000000
0.000000,0.000000
0.000000,0.000000
0.000000,0.000000
0.000000,0.000000
0.000000,0.000000
0.000000,0.000000
0.000000,0.000000
0.000000,0.000000
0.000000,0.000000
0.000000,0.000000
0.000000,0.000000
0.000000,0.000000
0.000000,0.000000
0.000000,0.000000
0.000000,0.000000
0.000000,0.000000
0.000000,0.000000
0.000000,0.000000
0.000000,0.000000
0.000000,0.000000
0.000000,0.000000
0.000000,0.000000
0.000000,0.000000
0.000000,0.000000
0.000000,0.000000
0.000000,0.000000
0.000000,0.000000
0.000000,0.000000
0.000000,0.000000
0.000000,0.000000
0.000000,0.000000
0.000000,0.000000
0.000000,0.000000
0.000000,0.000000
0.000000,0.000000
0.000000,0.000000
0.000000,0.000000
0.000000,0.000000
0.000000,0.000000
0.000000,0.000000
0.000000,0.000000
0.000000,0.000000
0.000000,0.000000
0.000000,0.000000
0.000000,0.000000
0.000000,0.000000
0.000000,0.000000
0.000000,0.000000
0.000000,0.000000
0.000000,0.000000
0.000000,0.000000
0.000000,0.000000
0.000000,0.000000
0.000000,0.000000
0.000000,0.000000
0.000000,0.000000
0.000000,0.000000
0.000000,0.000000
0.000000,0.000000
0.000000,0.000000
0.000000,0.000000
0.000000,0.000000
0.000000,0.000000
0.000000,0.000000
0.000000,0.000000
0.000000,0.000000
0.000000,0.000000
0.000000,0.000000
0.000000,0.000000
0.000000,0.000000
0.000000,0.000000
0.000000,0.000000
0.000000,0.000000
0.000000,0.000000
0.000000,0.000000
0.000000,0.000000
0.000000,0.000000
0.000000,0.000000
0.000000,0.000000
0.000000,0.000000
0.000000,0.000000
0.000000,0.000000
0.000000,0.000000
0.000000,0.000000
0.000000,0.000000
0.000000,0.000000
0.000000,0.000000
0.000000,0.000000
0.000000,0.000000
0.000000,0.000000
0.000000,0.000000
0.000000,0.000000
0.000000,0.000000
0.000000,0.000000
0.000000,0.000000
0.000000,0.000000
0.000000,0.000000
0.000000,0.000000
0.000000,0.000000
0.000000,0.000000
0.000000,0.000000
0.000000,0.000000
0.000000,0.000000
0.000000,0.000000
0.000000,0.000000
0.000000,0.000000
0.000000,0.000000
0.000000,0.000000
0.000000,0.000000
0.000000,0.000000
0.000000,0.000000
0.000000,0.000000
0.000000,0.000000
0.000000,0.000000
0.000000,0.000000
0.000000,0.000000
0.000000,0.000000
0.000000,0.000000
0.000000,0.000000
0.000000,0.000000
0.000000,0.000000
0.000000,0.000000
0.000000,0.000000
0.000000,0.000000
0.000000,0.000000
0.000000,0.000000
0.000000,0.000000
0.000000,0.000000
0.000000,0.000000
0.000000,0.000000
0.000000,0.000000
0.000000,0.000000
0.000000,0.000000
0.000000,0.000000
0.000000,0.000000
0.000000,0.000000
0.000000,0.000000
0.000000,0.000000
0.000000,0.000000
0.000000,0.000000
0.000000,0.000000
0.000000,0.000000
0.000000,0.000000
0.000000,0.000000
0.000000,0.000000
0.000000,0.000000
0.000000,0.000000
0.000000,0.000000
0.000000,0.000000
0.000000,0.000000
0.000000,0.000000
0.000000,0.000000
0.000000,0.000000
0.000000,0.000000
0.000000,0.000000
0.000000,0.000000
0.000000,0.000000
0.000000,0.000000
0.000000,0.000000
0.000000,0.000000
0.000000,0.000000
0.000000,0.000000
0.000000,0.000000
0.000000,0.000000
0.000000,0.000000
0.000000,0.000000
0.000000,0.000000
0.000000,0.000000
0.000000,0.000000
0.000000,0.000000
0.000000,0.000000
0.000000,0.000000
0.000000,0.000000
0.000000,0.000000
0.000000,0.000000
0.000000,0.000000
0.000000,0.000000
0.000000,0.000000
0.000000,0.000000
0.000000,0.000000
0.000000,0.000000
0.000000,0.000000
0.000000,0.000000
0.000000,0.000000
0.000000,0.000000
0.000000,0.000000
0.000000,0.000000
0.000000,0.000000
0.000000,0.000000
0.000000,0.000000
0.000000,0.000000
0.000000,0.000000
0.000000,0.000000
0.000000,0.000000
0.000000,0.000000
0.000000,0.000000
0.000000,0.000000
0.000000,0.000000
0.000000,0.000000
0.000000,0.000000
0.000000,0.000000
0.000000,0.000000
0.000000,0.000000
0.000000,0.000000
0.000000,0.000000
0.000000,0.000000
0.000000,0.000000
0.000000,0.000000
0.000000,0.000000
0.000000,0.000000
0.000000,0.000000
0.000000,0.000000
0.000000,0.000000
0.000000,0.000000
0.000000,0.000000
0.000000,0.000000
0.000000,0.000000
0.000000,0.000000
0.000000,0.000000
0.000000,0.000000
0.000000,0.000000
0.000000,0.000000
0.000000,0.000000
0.000000,0.000000
0.000000,0.000000
0.000000,0.000000
0.000000,0.000000
0.000000,0.000000
0.000000,0.000000
0.000000,0.000000
0.000000,0.000000
0.000000,0.000000
0.000000,0.000000
0.000000,0.000000
0.000000,0.000000
0.000000,0.000000
0.000000,0.000000
0.000000,0.000000
0.000000,0.000000
0.000000,0.000000
0.000000,0.000000
0.000000,0.000000
0.000000,0.000000
0.000000,0.000000
0.000000,0.000000
0.000000,0.000000
0.000000,0.000000
0.000000,0.000000
0.000000,0.000000
0.000000,0.000000
0.000000,0.000000
0.000000,0.000000
0.000000,0.000000
0.000000,0.000000
0.000000,0.000000
